      Assignment         w1         w2         w3     w1 (Hz)    w2 (Hz)    w3 (Hz) 

       M3CA-Q4N-H     54.349    124.252      8.297   10245.57    9439.52    6219.64 
         Q4CA-N-H     55.574    124.230      8.296   10476.40    9437.85    6219.54 
       Q4CA-Y5N-H     55.575    125.353      9.050   10476.66    9523.22    6784.29 
         Y5CA-N-H     56.848    125.338      9.050   10716.55    9522.05    6784.13 
       Y5CA-K6N-H     56.849    123.099      9.037   10716.70    9351.94    6774.38 
         K6CA-N-H     54.782    123.092      9.036   10327.14    9351.40    6774.24 
       K6CA-L7N-H     54.783    127.162      8.539   10327.31    9660.59    6401.51 
         L7CA-N-H     52.370    127.149      8.539    9872.35    9659.63    6401.31 
       L7CA-I8N-H     52.371    127.048      9.014    9872.58    9651.93    6757.36 
         I8CA-N-H     59.806    127.026      9.013   11274.14    9650.33    6756.97 
         L9CA-N-H     54.015    126.281      8.621   10182.48    9593.70    6462.70 
      L9CA-N10N-H     54.015    126.100      8.767   10182.53    9579.94    6572.63 
        N10CA-N-H     50.910    126.084      8.767    9597.13    9578.75    6572.15 
     N10CA-G11N-H     50.911    110.802      7.883    9597.36    8417.74    5909.75 
        G11CA-N-H     44.311    110.775      7.882    8353.20    8415.72    5909.09 
     G11CA-K12N-H     44.312    122.038      9.151    8353.48    9271.38    6860.33 
        K12CA-N-H     58.634    122.036      9.151   11053.36    9271.20    6860.46 
     K12CA-T13N-H     58.635    109.879      8.741   11053.48    8347.61    6552.57 
        T13CA-N-H     61.703    109.873      8.740   11631.90    8347.15    6552.39 
     T13CA-L14N-H     61.705    125.800      7.290   11632.12    9557.15    5465.14 
        L14CA-N-H     54.821    125.790      7.290   10334.46    9556.39    5465.08 
     L14CA-K15N-H     54.821    124.724      8.065   10334.57    9475.41    6045.74 
        K15CA-N-H     53.652    124.684      8.064   10114.01    9472.40    6045.10 
     K15CA-G16N-H     53.654    110.304      8.337   10114.42    8379.88    6249.95 
        G16CA-N-H     44.675    110.295      8.337    8421.85    8379.21    6249.69 
     G16CA-E17N-H     44.677    119.622      8.326    8422.12    9087.77    6241.81 
        E17CA-N-H     54.318    119.616      8.326   10239.63    9087.36    6241.70 
     E17CA-T18N-H     54.319    116.802      8.686   10239.78    8873.55    6511.62 
        T18CA-N-H     60.189    116.790      8.686   11346.48    8872.65    6511.38 
     T18CA-T19N-H     60.190    112.725      7.996   11346.63    8563.81    5994.21 
        T19CA-N-H     59.570    112.701      7.995   11229.78    8562.03    5993.59 
     T19CA-T20N-H     59.572    115.581      8.919   11230.08    8780.83    6686.55 
        T20CA-N-H     61.993    115.566      8.919   11686.49    8779.67    6686.31 
     T20CA-E21N-H     61.994    126.924      7.887   11686.72    9642.55    5912.25 
        E21CA-N-H     54.068    126.905      7.886   10192.44    9641.10    5911.90 
     E21CA-A22N-H     54.069    128.243      9.272   10192.72    9742.74    6950.68 
        A22CA-N-H     50.469    128.238      9.272    9514.07    9742.34    6950.68 
     A22CA-V23N-H     50.469    116.618      8.428    9514.12    8859.58    6318.17 
        V23CA-N-H     63.104    116.598      8.427   11895.90    8858.10    6317.79 
     V23CA-D24N-H     63.104    115.908      7.250   11895.88    8805.64    5434.77 
        D24CA-N-H     52.158    115.911      7.250    9832.47    8805.84    5434.75 
     D24CA-A25N-H     52.159    122.129      8.224    9832.62    9278.29    6164.89 
        A25CA-N-H     54.153    122.098      8.223   10208.48    9275.91    6164.37 
     A25CA-A26N-H     54.156    121.314      7.984   10209.14    9216.31    5985.01 
        A26CA-N-H     54.309    121.288      7.984   10237.96    9214.37    5985.15 
     A26CA-T27N-H     54.310    117.296      8.205   10238.20    8911.10    6151.32 
        T27CA-N-H     66.437    117.311      8.206   12524.19    8912.24    6151.43 
     T27CA-A28N-H     66.437    124.385      7.077   12524.26    9449.66    5305.66 
        A28CA-N-H     54.358    124.385      7.076   10247.12    9449.63    5304.89 
     A28CA-E29N-H     54.359    117.531      8.265   10247.37    8928.93    6196.28 
        E29CA-N-H     59.169    117.545      8.266   11154.17    8930.04    6196.94 
     E29CA-K30N-H     59.170    117.378      6.877   11154.35    8917.33    5155.56 
        K30CA-N-H     59.259    117.345      6.877   11171.09    8914.81    5155.15 
     K30CA-V31N-H     59.261    121.426      7.228   11171.50    9224.83    5418.77 
        V31CA-N-H     65.491    121.429      7.228   12345.90    9225.12    5418.30 
     V31CA-F32N-H     65.492    121.471      8.440   12346.06    9228.28    6326.96 
        F32CA-N-H     56.098    121.475      8.440   10575.25    9228.61    6327.37 
     K32CA-K33N-H     56.099    123.632      9.027   10575.33    9392.43    6767.55 
        K33CA-N-H     59.418    123.638      9.027   11201.16    9392.87    6767.21 
     K33CA-Q34N-H     59.419    120.513      7.366   11201.26    9155.46    5521.73 
        Q34CA-N-H     58.230    120.510      7.366   10977.06    9155.23    5521.91 
     Q34CA-Y35N-H     58.230    121.856      8.192   10977.19    9257.53    6141.13 
        Y35CA-N-H     61.444    121.869      8.191   11582.96    9258.54    6140.53 
     Y35CA-A36N-H     61.444    123.316      9.123   11582.99    9368.40    6839.32 
        A36CA-N-H     55.785    123.322      9.123   10516.24    9368.87    6839.34 
     A36CA-N37N-H     55.785    118.411      8.162   10516.26    8995.80    6118.66 
        N37CA-N-H     56.622    118.385      8.161   10673.92    8993.83    6118.27 
     N37CA-D38N-H     56.627    122.165      8.878   10674.95    9281.00    6655.81 
        D38CA-N-H     56.600    122.165      8.880   10669.84    9281.00    6657.03 
     D38CA-N39N-H     56.596    116.106      7.327   10669.13    8820.68    5492.50 
        N39CA-N-H     53.438    116.086      7.326   10073.72    8819.18    5492.19 
     N39CA-G40N-H     53.440    109.068      7.719   10074.05    8285.97    5786.73 
        G40CA-N-H     46.452    109.071      7.718    8756.72    8286.22    5786.29 
     G40CA-V41N-H     46.453    121.606      8.070    8757.06    9238.54    6049.49 
        V41CA-N-H     61.571    121.603      8.069   11606.96    9238.33    6049.32 
     V41CA-D42N-H     61.571    128.134      8.398   11606.99    9734.45    6295.35 
        D42CA-N-H     52.091    128.133      8.397    9819.90    9734.41    6295.24 
     D42CA-G43N-H     52.092    108.350      7.862    9820.08    8231.49    5894.08 
        G43CA-N-H     45.070    108.320      7.862    8496.33    8229.21    5893.57 
     G43CA-E44N-H     45.072    121.377      7.942    8496.62    9221.16    5953.66 
        E44CA-N-H     55.147    121.367      7.942   10395.98    9220.35    5953.54 
     E44CA-W45N-H     55.149    128.790      9.262   10396.29    9784.33    6943.32 
        W45CA-N-H     57.474    128.769      9.262   10834.51    9782.69    6943.11 
     W45CA-T46N-H     57.474    115.499      9.201   10834.61    8774.58    6897.89 
        T46CA-N-H     60.182    115.492      9.201   11345.11    8774.04    6897.77 
     T46CA-Y47N-H     60.183    121.494      8.497   11345.34    9229.99    6370.10 
        Y47CA-N-H     56.627    121.463      8.497   10675.02    9227.67    6369.74 
     Y47CA-D48N-H     56.629    129.289      7.550   10675.29    9822.19    5659.85 
        D48CA-N-H     51.471    129.285      7.550    9703.02    9821.90    5659.81 
     D48CA-D49N-H     51.472    125.741      8.508    9703.14    9552.71    6377.89 
        D49CA-N-H     55.947    125.728      8.508   10546.70    9551.71    6378.12 
     D49CA-A50N-H     55.947    120.652      8.272   10546.69    9166.08    6201.30 
        A50CA-N-H     54.636    120.610      8.271   10299.67    9162.89    6200.63 
     A50CA-T51N-H     54.638    104.215      6.953   10299.97    7917.29    5212.49 
        T51CA-N-H     60.128    104.229      6.953   11334.89    7918.35    5212.80 
     T51CA-K52N-H     60.129    124.141      7.797   11335.09    9431.11    5845.18 
        K52CA-N-H     56.081    124.126      7.796   10571.96    9429.99    5844.63 
     K52CA-T53N-H     56.083    112.008      7.313   10572.45    8509.36    5482.02 
        T53CA-N-H     61.884    111.990      7.313   11666.02    8507.98    5481.93 
     T53CA-F54N-H     61.886    131.615     10.331   11666.27    9998.92    7745.02 
        F54CA-N-H     56.792    131.604     10.331   10706.07    9998.12    7744.78 
     F54CA-T55N-H     56.793    117.797      9.049   10706.22    8949.18    6783.95 
        T55CA-N-H     61.151    117.791      9.049   11527.72    8948.68    6783.91 
     T55CA-V56N-H     61.152    124.048      8.153   11528.01    9424.07    6112.14 
        V56CA-N-H     57.631    124.031      8.153   10864.19    9422.73    6111.80 
     V56CA-T57N-H     57.631    124.081      8.285   10864.21    9426.53    6211.23 
        T57CA-N-H     60.507    124.064      8.285   11406.39    9425.27    6211.05 
     T57CA-E58N-H     60.509    129.530      8.083   11406.68    9840.53    6059.86 
        E58CA-N-H     56.104    129.520      8.083   10576.25    9839.75    6059.73 
     E58CA-G59N-H     56.105    113.619      8.767   10576.49    8631.77    6572.23 
        G59CA-N-H     44.774    113.608      8.766    8440.57    8630.90    6571.77 
