      Assignment         w1         w2         w3     w1 (Hz)    w2 (Hz)    w3 (Hz) 

         E4CA-N-H     56.665    122.185      8.501   12825.34   11145.08    7651.83 
       E4CA-G5N-H     56.664    110.403      8.598   12825.12   10070.37    7738.97 
         G5CA-N-H     45.704    110.380      8.598   10344.49   10068.33    7738.62 
       G5CA-K6N-H     45.705    119.314      7.740   10344.63   10883.21    6966.87 
         K6CA-N-H     54.943    119.311      7.740   12435.66   10882.96    6966.72 
       K6CA-L7N-H     54.943    118.681      8.419   12435.64   10825.49    7577.32 
         L7CA-N-H     53.332    118.663      8.417   12070.89   10823.84    7576.25 
       L7CA-V8N-H     53.333    125.621     10.047   12071.10   11458.49    9043.31 
         V8CA-N-H     61.701    125.565     10.047   13965.08   11453.42    9043.42 
       V8CA-I9N-H     61.701    128.451      9.147   13965.07   11716.65    8233.29 
         I9CA-N-H     59.911    128.451      9.147   13560.08   11716.62    8233.11 
      I9CA-W10N-H     59.910    126.771      9.078   13559.89   11563.42    8171.02 
        W10CA-N-H     54.152    126.760      9.077   12256.63   11562.42    8170.02 
     W10CA-I11N-H     54.155    122.059      8.738   12257.18   11133.61    7864.77 
        I11CA-N-H     59.831    122.057      8.738   13541.86   11133.41    7864.66 
     I11CA-N12N-H     59.837    122.612      8.887   13543.28   11184.06    7999.21 
        N12CA-N-H     54.342    122.585      8.888   12299.58   11181.56    7999.72 
     N12CA-G13N-H     54.342    106.449      8.254   12299.66    9709.72    7428.94 
        G13CA-N-H     46.377    106.427      8.254   10496.78    9707.76    7429.03 
     G13CA-D14N-H     46.374    116.783      7.952   10496.19   10652.37    7157.12 
        D14CA-N-H     53.028    116.794      7.952   12002.13   10653.40    7157.20 
     D14CA-K15N-H     53.034    118.685      7.590   12003.50   10825.85    6831.84 
        K15CA-N-H     52.940    118.677      7.590   11982.28   10825.11    6831.92 
     K15CA-G16N-H     52.942    108.014      8.781   11982.60    9852.49    7903.61 
        G16CA-N-H     48.063    108.002      8.781   10878.48    9851.44    7903.47 
     G16CA-Y17N-H     48.063    120.558      8.235   10878.44   10996.74    7412.56 
        Y17CA-N-H     59.669    120.527      8.235   13505.14   10993.91    7411.94 
     Y17CA-N18N-H     59.668    123.548      8.131   13505.07   11269.47    7318.64 
        N18CA-N-H     56.150    123.543      8.131   12708.80   11268.93    7318.17 
     N18CA-G19N-H     56.150    111.653      8.968   12708.88   10184.39    8072.24 
        G19CA-N-H     47.406    111.627      8.967   10729.68   10182.06    8070.80 
     G19CA-L20N-H     47.408    121.837      8.338   10730.24   11113.37    7504.78 
        L20CA-N-H     57.560    121.812      8.338   13027.89   11111.06    7505.18 
     L20CA-A21N-H     57.559    121.082      8.101   13027.75   11044.51    7291.86 
        A21CA-N-H     55.062    121.078      8.101   12462.46   11044.16    7291.29 
     A21CA-E22N-H     55.061    120.470      7.828   12462.34   10988.71    7046.12 
        E22CA-N-H     59.661    120.467      7.829   13503.48   10988.44    7046.29 
     E22CA-V23N-H     59.660    123.137      7.854   13503.17   11231.95    7068.84 
        V23CA-N-H     66.671    123.144      7.851   15090.13   11232.54    7066.20 
     V23CA-G24N-H     66.676    106.685      8.726   15091.16    9731.27    7854.27 
        G24CA-N-H     47.583    106.697      8.727   10769.66    9732.41    7854.70 
     G24CA-K25N-H     47.587    122.770      8.311   10770.74   11198.50    7480.44 
        K25CA-N-H     59.247    122.772      8.311   13409.63   11198.67    7480.95 
     K25CA-K26N-H     59.246    122.797      7.673   13409.58   11200.93    6906.58 
        K26CA-N-H     59.648    122.787      7.672   13500.43   11200.03    6905.73 
     K26CA-F27N-H     59.648    120.122      8.091   13500.56   10956.90    7282.46 
        F27CA-N-H     61.345    120.097      8.090   13884.50   10954.63    7281.73 
     F27CA-E28N-H     61.343    124.151      8.924   13884.15   11324.39    8032.23 
        E28CA-N-H     59.037    124.146      8.924   13362.09   11324.02    8032.35 
     E28CA-K29N-H     59.036    121.994      8.116   13362.04   11127.68    7305.41 
        K29CA-N-H     59.243    121.975      8.116   13408.88   11125.96    7305.22 
     K29CA-D30N-H     59.244    116.420      7.599   13408.94   10619.21    6839.98 
        D30CA-N-H     56.450    116.404      7.599   12776.57   10617.81    6839.30 
     D30CA-T31N-H     56.448    107.216      7.944   12776.16    9779.67    7150.67 
        T31CA-N-H     62.702    107.207      7.944   14191.74    9778.89    7150.24 
     T31CA-G32N-H     62.701    112.697      8.617   14191.57   10279.67    7756.37 
        G32CA-N-H     45.360    112.685      8.616   10266.55   10278.55    7755.22 
     G32CA-I33N-H     45.361    124.257      7.776   10266.72   11334.10    6999.24 
        I33CA-N-H     58.766    124.244      7.776   13300.87   11332.89    6998.67 
     I33CA-K34N-H     58.765    124.640      7.734   13300.73   11369.03    6961.06 
        K34CA-N-H     56.482    124.606      7.734   12783.87   11365.95    6961.13 
     K34CA-V35N-H     56.477    124.831      8.490   12782.67   11386.44    7641.67 
        V35CA-N-H     60.997    124.828      8.489   13805.83   11386.18    7640.96 
     V35CA-T36N-H     60.995    125.139      9.150   13805.46   11414.55    8235.44 
        T36CA-N-H     61.370    125.123      9.150   13890.21   11413.07    8235.28 
     T36CA-V37N-H     61.371    127.395      8.897   13890.46   11620.33    8008.23 
        V37CA-N-H     61.392    127.395      8.897   13895.21   11620.33    8008.23 
     V37CA-E38N-H     61.396    126.980      9.658   13896.02   11582.47    8693.06 
        E38CA-N-H     54.222    126.980      9.658   12272.41   11582.47    8692.68 
     E38CA-H39N-H     54.221    115.262      8.354   12272.06   10513.61    7519.18 
        H39CA-N-H     51.268    115.242      8.354   11603.86   10511.79    7518.84 
     P40CA-D41N-H     62.191    121.185      8.237   14076.01   11053.91    7414.11 
        D41CA-N-H     54.767    121.184      8.237   12395.76   11053.83    7414.10 
     D41CA-K42N-H     54.766    119.390      8.793   12395.62   10890.18    7914.45 
        K42CA-N-H     56.434    119.376      8.793   12773.02   10888.88    7914.25 
     K42CA-L43N-H     56.438    120.041      7.452   12774.06   10949.52    6707.55 
        L43CA-N-H     59.429    120.033      7.453   13450.84   10948.80    6707.86 
     L43CA-E44N-H     59.425    123.798     10.423   13450.05   11292.21    9381.10 
        E44CA-N-H     57.010    123.786     10.420   12903.37   11291.18    9378.98 
     E44CA-E45N-H     57.024    120.664      7.362   12906.59   11006.35    6626.18 
        E45CA-N-H     56.508    120.655      7.361   12789.87   11005.52    6625.49 
     E45CA-K46N-H     56.524    120.216      8.237   12793.50   10965.49    7413.98 
        K46CA-N-H     58.394    120.214      8.238   13216.65   10965.35    7414.91 
     K46CA-F47N-H     58.394    117.154      8.601   13216.69   10686.22    7741.22 
        F47CA-N-H     63.393    117.146      8.600   14348.02   10685.43    7740.92 
     P48CA-Q49N-H     65.411    114.679      6.974   14804.86   10460.45    6276.78 
        Q49CA-N-H     57.842    114.659      6.973   13091.74   10458.64    6276.28 
     Q49CA-V50N-H     57.844    110.263      7.605   13092.16   10057.63    6844.85 
        V50CA-N-H     61.726    110.244      7.603   13970.87   10055.94    6843.47 
     V50CA-A51N-H     61.730    124.941      8.104   13971.73   11396.46    7294.64 
        A51CA-N-H     54.945    124.933      8.104   12436.07   11395.75    7294.07 
     A51CA-A52N-H     54.954    118.064      7.495   12438.07   10769.21    6746.09 
#        A52CA-N-H     53.086    118.064      7.495   12015.27   10769.21    6746.09 
#     A52CA-T53N-H     53.078    106.383      7.290   12013.38    9703.73    6561.18 
        T53CA-N-H     61.519    106.370      7.289   13924.08    9702.49    6561.07 
     T53CA-G54N-H     61.519    109.029      7.883   13923.96    9945.08    7095.37 
        G54CA-N-H     45.516    109.044      7.881   10301.89    9946.46    7093.36 
     G54CA-D55N-H     45.517    119.236      7.594   10302.13   10876.09    6835.24 
        D55CA-N-H     53.424    119.226      7.595   12091.84   10875.24    6835.76 
     D55CA-G56N-H     53.426    106.546      8.186   12092.20    9718.63    7367.72 
        G56CA-N-H     43.978    106.517      8.185    9953.90    9715.98    7367.04 
     P57CA-D58N-H     61.735    117.946      8.746   13972.84   10758.40    7872.27 
        D58CA-N-H     58.167    117.934      8.746   13165.38   10757.33    7872.04 
     D58CA-I59N-H     58.171    114.504      7.658   13166.17   10444.51    6892.42 
        I59CA-N-H     58.884    114.502      7.657   13327.67   10444.29    6891.78 
     I59CA-I60N-H     58.883    124.402      8.917   13327.37   11347.31    8025.98 
        I60CA-N-H     57.919    124.391      8.917   13109.19   11346.36    8026.02 
     I60CA-F61N-H     57.918    126.078      8.668   13108.92   11500.20    7802.18 
        F61CA-N-H     55.676    126.054      8.668   12601.45   11498.00    7801.63 
     F61CA-W62N-H     55.677    121.342      9.208   12601.61   11068.24    8287.61 
        W62CA-N-H     57.255    121.342      9.208   12958.83   11068.21    8287.78 
     W62CA-A63N-H     57.255    126.235      6.420   12958.95   11514.55    5778.79 
        A63CA-N-H     53.779    126.204      6.421   12172.15   11511.74    5778.98 
     A63CA-H64N-H     53.777    116.241      8.146   12171.62   10602.96    7332.32 
        H64CA-N-H     60.181    116.266      8.147   13621.17   10605.22    7332.65 
     H64CA-D65N-H     60.181    119.211      7.745   13621.12   10873.85    6971.52 
        D65CA-N-H     56.561    119.241      7.744   12801.88   10876.54    6970.46 
     D65CA-R66N-H     56.562    117.151      7.049   12802.12   10685.91    6344.37 
        R66CA-N-H     54.782    117.152      7.048   12399.12   10686.00    6343.81 
     R66CA-F67N-H     54.788    116.605      7.678   12400.47   10636.09    6910.71 
        F67CA-N-H     58.079    116.599      7.676   13145.31   10635.56    6909.39 
     F67CA-G68N-H     58.085    107.455      7.377   13146.72    9801.48    6640.33 
        G68CA-N-H     47.508    107.453      7.378   10752.82    9801.33    6640.62 
     G68CA-G69N-H     47.520    107.662      7.775   10755.45    9820.39    6997.91 
        G69CA-N-H     46.843    107.648      7.773   10602.30    9819.08    6996.08 
     G69CA-Y70N-H     46.846    119.119      6.923   10602.94   10865.46    6230.83 
        Y70CA-N-H     56.989    119.116      6.923   12898.74   10865.17    6231.02 
     Y70CA-A71N-H     56.990    122.806      8.625   12898.79   11201.78    7762.76 
        A71CA-N-H     54.227    122.801      8.625   12273.51   11201.30    7763.17 
     A71CA-Q72N-H     54.231    122.553      8.655   12274.35   11178.69    7790.45 
        Q72CA-N-H     58.473    122.519      8.657   13234.45   11175.58    7791.86 
     Q72CA-S73N-H     58.472    112.057      7.353   13234.38   10221.28    6618.20 
        S73CA-N-H     59.014    112.052      7.354   13357.07   10220.80    6618.94 
     S73CA-G74N-H     59.017    109.408      8.070   13357.71    9979.67    7263.30 
        G74CA-N-H     46.294    109.372      8.070   10477.97    9976.41    7263.34 
     G74CA-L75N-H     46.294    113.831      7.864   10477.99   10383.10    7077.78 
        L75CA-N-H     55.539    113.828      7.863   12570.40   10382.78    7077.00 
     L75CA-L76N-H     55.545    116.089      7.464   12571.73   10589.10    6717.91 
        L76CA-N-H     52.514    116.073      7.463   11885.73   10587.56    6717.54 
     L76CA-A77N-H     52.516    126.091      9.064   11886.37   11501.36    8158.49 
        A77CA-N-H     50.931    126.055      9.063   11527.47   11498.10    8157.74 
     A77CA-E78N-H     50.935    120.928      8.220   11528.43   11030.49    7398.40 
        E78CA-N-H     56.238    120.917      8.220   12728.78   11029.48    7398.43 
     E78CA-I79N-H     56.238    122.829      8.207   12728.61   11203.89    7386.77 
        I79CA-N-H     59.573    122.813      8.207   13483.61   11202.36    7386.57 
     I79CA-T80N-H     59.570    112.786      8.775   13482.76   10287.81    7898.38 
        T80CA-N-H     57.777    112.772      8.775   13076.97   10286.48    7898.48 
     P81CA-D82N-H     64.595    112.720      7.518   14620.17   10281.73    6766.39 
#        D82CA-N-H     49.572    112.713      7.517   11219.82   10281.12    6766.33 
#     D82CA-K83N-H     49.577    120.903      8.103   11221.06   11028.17    7293.34 
        A84CA-N-H     54.702    119.411      8.233   12381.04   10892.07    7410.64 
     A84CA-F85N-H     54.702    118.529      7.946   12380.92   10811.62    7152.11 
        F85CA-N-H     62.198    118.530      7.946   14077.68   10811.69    7151.86 
     F85CA-Q86N-H     62.204    117.196      8.524   14079.10   10690.07    7672.50 
        Q86CA-N-H     59.595    117.208      8.524   13488.57   10691.10    7671.99 
     Q86CA-D87N-H     59.595    116.961      8.106   13488.47   10668.60    7295.82 
        D87CA-N-H     56.002    116.919      8.105   12675.37   10664.78    7295.17 
     D87CA-K88N-H     56.002    117.272      7.825   12675.19   10696.98    7043.25 
        K88CA-N-H     58.069    117.236      7.827   13143.15   10693.67    7044.76 
     K88CA-L89N-H     58.067    120.025      7.685   13142.65   10948.07    6916.81 
        L89CA-N-H     53.376    120.021      7.684   12080.97   10947.73    6915.99 
     L89CA-Y90N-H     53.377    117.074      7.754   12081.17   10678.90    6979.38 
        Y90CA-N-H     58.998    117.039      7.753   13353.30   10675.69    6978.19 
     P91CA-F92N-H     66.695    112.734      8.057   15095.47   10283.07    7252.12 
        F92CA-N-H     59.194    112.759      8.060   13397.82   10285.29    7254.73 
     F92CA-T93N-H     59.184    111.094      7.137   13395.47   10133.43    6423.73 
        T93CA-N-H     64.623    111.072      7.137   14626.51   10131.40    6423.94 
     T93CA-W94N-H     64.630    119.843      6.699   14628.07   10931.48    6030.03 
        W94CA-N-H     58.429    119.850      6.700   13224.68   10932.14    6030.10 
     W94CA-D95N-H     58.432    115.567      7.289   13225.18   10541.48    6560.89 
        D95CA-N-H     57.156    115.544      7.289   12936.38   10539.37    6560.74 
     D95CA-A96N-H     57.157    118.638      7.028   12936.74   10821.53    6325.98 
        A96CA-N-H     53.572    118.604      7.028   12125.31   10818.46    6325.77 
     A96CA-V97N-H     53.588    106.149      7.008   12128.98    9682.36    6307.74 
        V97CA-N-H     59.573    106.154      7.006   13483.43    9682.84    6305.71 
     V97CA-R98N-H     59.566    121.246      7.072   13481.94   11059.47    6365.49 
        R98CA-N-H     54.758    121.239      7.072   12393.68   11058.79    6365.36 
     R98CA-Y99N-H     54.758    126.728      9.723   12393.62   11559.51    8751.30 
        Y99CA-N-H     58.273    126.706      9.723   13189.37   11557.45    8751.37 
#    Y99CA-N100N-H     58.277    124.876      7.985   13190.18   11390.56    7187.13 
#       G101CA-N-H     45.468    102.277      8.629   10291.11    9329.20    7766.47 
   G101CA-K102N-H     45.467    121.261      7.793   10290.78   11060.81    7014.35 
       K102CA-N-H     54.495    121.242      7.793   12334.11   11059.12    7014.51 
   K102CA-L103N-H     54.496    123.419      8.984   12334.37   11257.67    8086.21 
       L103CA-N-H     55.088    123.398      8.984   12468.40   11255.78    8086.09 
   L103CA-I104N-H     55.086    112.745      8.848   12467.97   10284.06    7964.19 
       I104CA-N-H     59.592    112.708      8.847   13487.83   10280.67    7962.90 
   I104CA-A105N-H     59.596    117.277      7.704   13488.62   10697.41    6933.89 
       A105CA-N-H     51.936    117.258      7.704   11754.97   10695.70    6934.22 
   A105CA-Y106N-H     51.937    113.757      8.995   11755.18   10376.36    8096.24 
       Y106CA-N-H     55.900    113.727      8.994   12652.11   10373.63    8095.54 
   P107CA-I108N-H     62.228    115.418      8.541   14084.49   10527.87    7687.22 
       I108CA-N-H     60.797    115.388      8.540   13760.52   10525.14    7686.61 
   I108CA-A109N-H     60.798    118.284      7.907   13760.87   10789.25    7117.13 
       A109CA-N-H     50.551    118.319      7.907   11441.53   10792.42    7116.85 
   A109CA-V110N-H     50.551    120.949      8.795   11441.46   11032.39    7916.20 
       V110CA-N-H     61.758    120.937      8.795   13978.09   11031.29    7916.27 
   V110CA-E111N-H     61.756    123.482      9.590   13977.65   11263.43    8631.35 
       E111CA-N-H     54.849    123.480      9.590   12414.20   11263.26    8631.59 
   E111CA-A112N-H     54.850    117.471      6.417   12414.47   10715.15    5776.13 
       A112CA-N-H     50.765    117.465      6.417   11490.02   10714.57    5776.04 
   A112CA-L113N-H     50.765    122.992      8.463   11490.05   11218.74    7617.72 
       L113CA-N-H     55.017    122.985      8.462   12452.40   11218.09    7616.89 
   L113CA-S114N-H     55.021    108.037      7.499   12453.20    9854.58    6750.01 
       S114CA-N-H     57.016    107.993      7.499   12904.85    9850.54    6749.85 
   S114CA-L115N-H     57.017    122.147      7.321   12904.90   11141.63    6589.61 
       L115CA-N-H     54.282    122.153      7.319   12286.05   11142.21    6587.55 
   L115CA-I116N-H     54.281    129.581      8.675   12285.85   11819.77    7808.36 
       I116CA-N-H     59.955    129.578      8.674   13569.97   11819.50    7807.16 
   I116CA-Y117N-H     59.953    121.808      9.095   13569.54   11110.73    8185.77 
       Y117CA-N-H     54.469    121.778      9.095   12328.35   11107.95    8185.92 
   Y117CA-N118N-H     54.468    121.182      9.340   12327.97   11053.60    8406.42 
       N118CA-N-H     52.026    121.172      9.339   11775.44   11052.72    8406.12 
   N118CA-K119N-H     52.025    125.529      8.830   11775.10   11450.10    7947.94 
       K119CA-N-H     58.595    125.493      8.830   13262.15   11446.80    7947.86 
   K119CA-D120N-H     58.574    115.715      8.200   13257.38   10554.96    7380.71 
       D120CA-N-H     56.253    115.671      8.202   12731.99   10550.91    7382.36 
   D120CA-L121N-H     56.255    117.839      7.148   12732.63   10748.66    6433.82 
       L121CA-N-H     55.318    117.835      7.148   12520.36   10748.35    6433.46 
   L121CA-L122N-H     55.318    119.927      8.359   12520.53   10939.16    7523.54 
       L122CA-N-H     51.630    119.848      8.357   11685.81   10931.97    7522.07 
   P123CA-N124N-H     62.264    123.695      9.110   14092.65   11282.85    8199.28 
       N124CA-N-H     53.463    123.666      9.109   12100.53   11280.19    8198.90 
   P126CA-K127N-H     62.243    118.502      8.156   14087.81   10809.11    7341.30 
       K127CA-N-H     56.434    118.476      8.156   12772.97   10806.82    7340.91 
   K127CA-T128N-H     56.431    108.686      7.894   12772.33    9913.77    7105.47 
       T128CA-N-H     59.949    108.687      7.895   13568.65    9913.90    7105.98 
   T128CA-W129N-H     59.952    123.852     10.194   13569.30   11297.16    9175.00 
       W129CA-N-H     60.863    123.821     10.192   13775.38   11294.30    9174.02 
   W129CA-E130N-H     60.862    118.010     10.609   13775.31   10764.25    9548.83 
       E130CA-N-H     61.630    118.019     10.609   13949.17   10765.09    9548.53 
   E130CA-E131N-H     61.630    116.681      7.630   13949.04   10643.08    6867.91 
       E131CA-N-H     57.040    116.665      7.630   12910.30   10641.61    6867.60 
   E131CA-I132N-H     57.045    121.548      8.228   12911.33   11087.03    7406.16 
       I132CA-N-H     66.866    121.529      8.228   15134.21   11085.28    7405.60 
   P133CA-A134N-H     66.940    118.124      7.838   15150.99   10774.68    7055.03 
       A134CA-N-H     55.090    118.097      7.838   12468.83   10772.25    7055.13 
   A134CA-L135N-H     55.090    120.055      7.639   12468.81   10950.79    6875.86 
       L135CA-N-H     57.291    120.042      7.639   12967.05   10949.62    6875.80 
   L135CA-D136N-H     57.294    118.555      8.852   12967.75   10814.02    7967.37 
       D136CA-N-H     58.889    118.501      8.852   13328.78   10809.03    7967.62 
   D136CA-K137N-H     58.889    117.315      8.065   13328.72   10700.84    7259.05 
       K137CA-N-H     60.244    117.291      8.063   13635.43   10698.67    7257.63 
   K137CA-E138N-H     60.246    118.577      7.501   13635.74   10816.03    6751.19 
       E138CA-N-H     59.097    118.567      7.501   13375.69   10815.09    6751.55 
   E138CA-L139N-H     59.096    121.271      8.433   13375.64   11061.73    7590.08 
       L139CA-N-H     57.862    121.251      8.432   13096.23   11059.93    7589.69 
   L139CA-K140N-H     57.863    124.152      9.285   13096.45   11324.49    8357.27 
       K140CA-N-H     58.753    124.123      9.285   13297.96   11321.86    8356.97 
   K140CA-A141N-H     58.752    122.054      7.290   13297.70   11133.19    6561.52 
       A141CA-N-H     54.283    122.046      7.290   12286.26   11132.39    6561.77 
   A141CA-K142N-H     54.285    115.802      7.674   12286.59   10562.88    6907.19 
       K142CA-N-H     54.916    115.797      7.674   12429.40   10562.40    6907.14 
   K142CA-G143N-H     54.916    107.773      7.904   12429.51    9830.49    7114.45 
       G143CA-N-H     46.008    107.768      7.903   10413.27    9830.09    7113.77 
   G143CA-K144N-H     46.009    119.951      7.887   10413.57   10941.34    7099.20 
       K144CA-N-H     53.217    119.935      7.887   12044.95   10939.88    7099.03 
   K144CA-S145N-H     53.213    109.478      7.602   12044.02    9986.00    6842.83 
       S145CA-N-H     56.542    109.467      7.602   12797.40    9985.04    6841.97 
   S145CA-A146N-H     56.541    122.864      9.608   12797.20   11207.04    8647.54 
       A146CA-N-H     55.544    122.851      9.606   12571.62   11205.81    8646.56 
   A146CA-L147N-H     55.544    116.838      8.698   12571.72   10657.39    7829.26 
       L147CA-N-H     54.298    116.838      8.699   12289.69   10657.37    7829.35 
   L147CA-M148N-H     54.297    121.646      8.207   12289.41   11095.97    7387.14 
       M148CA-N-H     55.690    121.633      8.207   12604.66   11094.78    7386.59 
   M148CA-F149N-H     55.701    120.153      8.603   12607.14   10959.76    7742.94 
       F149CA-N-H     55.617    120.110      8.602   12588.11   10955.82    7742.71 
   F149CA-N150N-H     55.619    115.923      8.689   12588.62   10573.93    7820.91 
       N150CA-N-H     53.249    115.916      8.688   12052.15   10573.30    7819.92 
   N150CA-L151N-H     53.249    123.087      7.339   12052.25   11227.34    6605.50 
       L151CA-N-H     54.350    123.083      7.339   12301.43   11227.05    6605.40 
   L151CA-Q152N-H     54.343    113.046      7.972   12299.74   10311.49    7175.27 
       Q152CA-N-H     55.480    113.020      7.969   12557.23   10309.13    7172.93 
   Q152CA-E153N-H     55.483    113.751      6.481   12557.77   10375.81    5833.49 
       E153CA-N-H     51.289    113.718      6.481   11608.64   10372.76    5833.40 
   P154CA-Y155N-H     63.519    117.775      7.974   14376.66   10742.87    7177.53 
       Y155CA-N-H     62.396    117.760      7.972   14122.52   10741.48    7175.10 
   Y155CA-F156N-H     62.400    112.070      8.082   14123.46   10222.49    7274.14 
       F156CA-N-H     60.518    112.062      8.082   13697.48   10221.78    7274.88 
   F156CA-T157N-H     60.511    105.905      7.613   13695.90    9660.11    6852.36 
       T157CA-N-H     62.819    105.908      7.614   14218.11    9660.38    6853.19 
   T157CA-W158N-H     62.816    124.172      8.385   14217.55   11326.31    7547.20 
       W158CA-N-H     60.637    124.141      8.384   13724.25   11323.48    7546.65 
   P159CA-L160N-H     65.727    111.479      6.442   14876.47   10168.58    5798.38 
       L160CA-N-H     55.838    111.487      6.442   12638.21   10169.28    5798.30 
   L160CA-I161N-H     55.832    119.449      6.990   12636.87   10895.55    6291.54 
       I161CA-N-H     65.498    119.376      6.989   14824.51   10888.88    6290.89 
   I161CA-A162N-H     65.504    115.158      8.018   14825.94   10504.18    7216.87 
       A162CA-N-H     52.124    115.154      8.017   11797.48   10503.75    7216.21 
   A162CA-A163N-H     52.120    120.754      6.676   11796.72   11014.56    6009.11 
       A163CA-N-H     56.179    120.748      6.676   12715.31   11014.07    6009.06 
   A163CA-D164N-H     56.179    114.918      9.592   12715.28   10482.26    8633.22 
       D164CA-N-H     53.259    114.915      9.592   12054.39   10481.97    8633.24 
   D164CA-G165N-H     53.260    103.663      7.510   12054.59    9455.60    6759.59 
       G165CA-N-H     45.636    103.622      7.508   10329.04    9451.84    6758.00 
   G165CA-G166N-H     45.634    108.054      7.426   10328.50    9856.11    6683.61 
       G166CA-N-H     45.282    108.051      7.426   10248.90    9855.90    6684.08 
   G166CA-Y167N-H     45.281    115.501      8.283   10248.80   10535.39    7455.50 
       Y167CA-N-H     57.478    115.503      8.284   13009.43   10535.63    7456.10 
   Y167CA-A168N-H     57.476    124.317     10.539   13008.94   11339.62    9486.12 
       A168CA-N-H     53.083    124.283     10.538   12014.66   11336.50    9484.66 
   A168CA-F169N-H     53.083    107.941      6.343   12014.55    9845.83    5709.37 
       F169CA-N-H     55.508    107.940      6.343   12563.55    9845.76    5709.35 
   F169CA-K170N-H     55.510    125.613      8.892   12564.02   11457.83    8003.22 
       K170CA-N-H     56.924    125.598      8.891   12883.89   11456.41    8002.39 
   K170CA-Y171N-H     56.925    129.817      8.624   12884.18   11841.27    7762.53 
       Y171CA-N-H     56.190    129.805      8.624   12717.87   11840.20    7762.48 
   Y171CA-E172N-H     56.190    126.738      8.257   12717.81   11560.38    7432.04 
       E172CA-N-H     55.631    126.738      8.257   12591.30   11560.40    7431.73 
   N173CA-G174N-H     54.018    102.052      7.488   12226.13    9308.70    6739.38 
       G174CA-N-H     45.575    102.033      7.486   10315.23    9306.98    6738.17 
   G174CA-K175N-H     45.577    118.548      7.106   10315.69   10813.32    6395.96 
       K175CA-N-H     54.435    118.554      7.106   12320.55   10813.88    6396.17 
   K175CA-Y176N-H     54.437    119.902      8.744   12321.06   10936.85    7870.16 
       Y176CA-N-H     58.751    119.891      8.744   13297.37   10935.87    7869.86 
   Y176CA-D177N-H     58.751    123.875      9.041   13297.50   11299.29    8137.35 
       D177CA-N-H     52.745    123.865      9.041   11938.13   11298.33    8137.28 
   D177CA-I178N-H     52.746    116.972      7.739   11938.35   10669.61    6965.49 
       I178CA-N-H     63.455    116.974      7.739   14362.09   10669.75    6965.84 
   I178CA-K179N-H     63.444    116.093      8.321   14359.74   10589.41    7489.34 
       K179CA-N-H     54.602    116.090      8.321   12358.37   10589.15    7489.47 
   K179CA-D180N-H     54.604    123.227      7.791   12358.95   11240.15    7012.46 
       D180CA-N-H     53.216    123.224      7.789   12044.79   11239.91    7010.30 
   D180CA-V181N-H     53.213    122.852      7.494   12044.03   11205.95    6744.87 
       V181CA-N-H     59.142    122.838      7.494   13386.07   11204.65    6744.84 
   V181CA-G182N-H     59.145    120.719      7.087   13386.62   11011.37    6379.19 
       G182CA-N-H     46.302    120.737      7.087   10479.83   11012.99    6378.72 
   G182CA-V183N-H     46.302    113.986      6.732   10479.89   10397.26    6059.45 
       V183CA-N-H     63.170    113.979      6.731   14297.66   10396.59    6058.15 
   V183CA-D184N-H     63.164    114.802      7.861   14296.36   10471.66    7075.59 
       D184CA-N-H     51.486    114.807      7.861   11653.11   10472.15    7075.90 
   D184CA-N185N-H     51.481    116.239      6.915   11651.99   10602.74    6224.05 
       N185CA-N-H     51.527    116.240      6.915   11662.33   10602.86    6224.35 
   A186CA-G187N-H     55.363    109.411      8.397   12530.60    9979.91    7558.24 
       G187CA-N-H     47.195    109.407      8.397   10681.93    9979.56    7557.68 
   G187CA-A188N-H     47.195    127.669      8.091   10681.97   11645.31    7282.80 
       A188CA-N-H     53.787    127.671      8.091   12173.96   11645.54    7282.54 
   A188CA-K189N-H     53.788    115.179      8.011   12174.23   10506.03    7210.48 
       K189CA-N-H     59.519    115.158      8.009   13471.37   10504.11    7209.02 
   K189CA-A190N-H     59.518    124.668      8.243   13471.17   11371.59    7419.61 
       A190CA-N-H     55.593    124.667      8.243   12582.76   11371.51    7419.50 
   A190CA-G191N-H     55.596    107.590      8.249   12583.46    9813.85    7424.32 
       G191CA-N-H     47.760    107.589      8.249   10809.81    9813.77    7424.67 
   G191CA-L192N-H     47.761    121.216      8.689   10810.03   11056.72    7821.04 
       L192CA-N-H     57.098    121.217      8.689   12923.24   11056.81    7820.38 
   L192CA-T193N-H     57.095    116.411      8.562   12922.68   10618.39    7706.57 
       T193CA-N-H     67.936    116.406      8.562   15376.43   10617.99    7706.58 
   T193CA-F194N-H     67.934    122.061      7.683   15375.94   11133.83    6915.69 
       F194CA-N-H     62.191    122.054      7.684   14076.07   11133.17    6915.93 
   F194CA-L195N-H     62.188    119.567      7.749   14075.44   10906.33    6974.88 
       L195CA-N-H     58.522    119.574      7.750   13245.69   10906.91    6975.29 
   L195CA-V196N-H     58.525    117.486      8.622   13246.26   10716.50    7760.12 
       V196CA-N-H     67.056    117.484      8.620   15177.22   10716.28    7759.10 
   V196CA-D197N-H     67.057    122.909      8.607   15177.44   11211.18    7746.73 
       D197CA-N-H     57.872    122.907      8.608   13098.52   11210.95    7747.54 
   D197CA-L198N-H     57.872    120.237      7.913   13098.57   10967.43    7122.72 
       L198CA-N-H     58.372    120.221      7.912   13211.68   10965.99    7121.25 
   L198CA-I199N-H     58.370    119.991      7.469   13211.27   10945.00    6723.00 
       I199CA-N-H     63.153    119.954      7.467   14293.83   10941.56    6721.05 
   I199CA-K200N-H     63.160    124.490      9.418   14295.49   11355.35    8477.02 
       K200CA-N-H     59.766    124.475      9.419   13527.14   11354.00    8477.40 
   K200CA-N201N-H     59.768    113.915      8.025   13527.57   10390.80    7223.29 
       N201CA-N-H     53.471    113.915      8.025   12102.47   10390.73    7223.55 
   N201CA-K202N-H     53.472    111.483      7.960   12102.63   10168.93    7164.60 
       K202CA-N-H     57.385    111.448      7.960   12988.29   10165.70    7164.61 
   K202CA-H203N-H     57.385    116.252      8.385   12988.24   10603.96    7546.87 
       H203CA-N-H     57.114    116.222      8.384   12926.88   10601.22    7546.13 
   H203CA-M204N-H     57.111    114.062      7.500   12926.33   10404.18    6750.56 
       M204CA-N-H     54.495    114.047      7.500   12334.22   10402.84    6750.24 
   M204CA-N205N-H     54.494    118.565      8.733   12334.06   10814.90    7860.66 
       N205CA-N-H     52.013    118.546      8.732   11772.49   10813.15    7859.55 
   A206CA-D207N-H     54.524    112.792      8.197   12340.64   10288.34    7377.68 
       D207CA-N-H     53.596    112.796      8.197   12130.74   10288.71    7377.75 
   D207CA-T208N-H     53.596    116.523      7.355   12130.75   10628.61    6619.89 
       T208CA-N-H     66.572    116.514      7.354   15067.70   10627.82    6619.08 
   T208CA-D209N-H     66.571    130.733      7.013   15067.46   11924.77    6312.21 
       D209CA-N-H     51.721    130.726      7.013   11706.22   11924.19    6311.83 
   D209CA-Y210N-H     51.722    117.409      7.881   11706.53   10709.51    7093.30 
       Y210CA-N-H     63.232    117.404      7.881   14311.67   10708.98    7093.15 
   Y210CA-S211N-H     63.231    114.675      8.227   14311.38   10460.11    7404.67 
       S211CA-N-H     61.740    114.669      8.227   13973.94   10459.53    7405.19 
   S211CA-I212N-H     61.740    124.457      8.997   13974.03   11352.31    8098.42 
       I212CA-N-H     64.805    124.449      8.997   14667.79   11351.59    8097.67 
   I212CA-A213N-H     64.806    120.665      7.640   14667.83   11006.42    6877.01 
       A213CA-N-H     55.266    120.665      7.640   12508.76   11006.44    6876.74 
   A213CA-E214N-H     55.267    117.397      7.900   12509.02   10708.34    7110.44 
       E214CA-N-H     58.859    117.390      7.900   13321.87   10707.76    7110.79 
   E214CA-A215N-H     58.894    119.622      8.013   13329.77   10911.28    7212.25 
       A215CA-N-H     54.643    119.644      8.014   12367.60   10913.32    7213.12 
   A215CA-A216N-H     54.643    117.704      7.838   12367.68   10736.39    7054.86 
       A216CA-N-H     54.874    117.626      7.838   12420.07   10729.28    7054.56 
   A216CA-F217N-H     54.867    119.451      8.357   12418.31   10895.72    7521.70 
       F217CA-N-H     62.770    119.425      8.358   14207.17   10893.33    7522.54 
   N218CA-K219N-H     55.380    116.699      7.742   12534.42   10644.73    6968.64 
       K219CA-N-H     55.970    116.714      7.740   12668.14   10646.02    6966.57 
   K219CA-G220N-H     55.966    108.705      7.746   12667.01    9915.49    6972.26 
       G220CA-N-H     46.010    108.696      7.744   10413.82    9914.67    6969.78 
   G220CA-E221N-H     46.003    116.436      8.398   10412.17   10620.75    7558.69 
       E221CA-N-H     57.277    116.428      8.394   12963.84   10620.01    7555.48 
   E221CA-T222N-H     57.277    110.523      6.881   12963.87   10081.34    6193.52 
       T222CA-N-H     57.920    110.513      6.881   13109.45   10080.47    6193.73 
   T222CA-A223N-H     57.916    127.309      8.704   13108.41   11612.47    7833.94 
       A223CA-N-H     54.495    127.290      8.701   12334.18   11610.74    7831.52 
   A223CA-M224N-H     54.496    114.259      8.100   12334.40   10422.13    7290.20 
       M224CA-N-H     54.460    114.273      8.099   12326.21   10423.43    7290.06 
   M224CA-T225N-H     54.462    113.320      9.179   12326.65   10336.45    8261.71 
       T225CA-N-H     59.434    113.299      9.178   13452.09   10334.54    8260.91 
   T225CA-I226N-H     59.437    122.575      7.178   13452.72   11180.71    6460.36 
       I226CA-N-H     60.184    122.554      7.177   13621.90   11178.78    6460.10 
   I226CA-N227N-H     60.185    121.751      8.453   13622.12   11105.55    7608.34 
       N227CA-N-H     52.288    121.751      8.453   11834.56   11105.49    7608.81 
   N227CA-G228N-H     52.286    110.721      8.278   11834.23   10099.41    7450.59 
       G228CA-N-H     42.251    110.688      8.277    9563.00   10096.39    7449.65 
   P229CA-W230N-H     62.576    111.938      6.006   14163.13   10210.46    5405.63 
#       W230CA-N-H     58.994    111.938      6.005   13352.39   10210.45    5404.56 
#   W230CA-A231N-H     58.995    125.260      7.009   13352.69   11425.59    6308.65 
#       A231CA-N-H     51.976    125.271      7.012   11764.11   11426.58    6311.10 
#   A231CA-I235N-H     51.970    120.329      7.868   11762.68   10975.81    7081.82 
#       Y242CA-N-H     54.629    121.710      7.899   12364.44   11101.74    7109.74 
#   Y242CA-G243N-H     54.646    107.424      8.532   12368.38    9798.68    7679.22 
       G243CA-N-H     42.869    107.422      8.529    9702.90    9798.54    7676.52 
   G243CA-V244N-H     42.876    120.717      8.247    9704.34   11011.16    7422.80 
       V244CA-N-H     61.305    120.703      8.247   13875.42   11009.91    7422.75 
   V244CA-T245N-H     61.302    119.564      9.508   13874.84   10906.06    8557.97 
       T245CA-N-H     58.863    119.533      9.508   13322.78   10903.21    8557.77 
   T245CA-V246N-H     58.864    123.492      8.157   13323.05   11264.32    7342.12 
       V246CA-N-H     62.186    123.466      8.157   14074.89   11261.93    7341.69 
   V246CA-L247N-H     62.185    125.487      8.611   14074.72   11446.29    7750.51 
       L247CA-N-H     54.324    125.472      8.611   12295.58   11444.93    7750.26 
   P248CA-T249N-H     61.818    111.631      8.822   13991.70   10182.44    7940.36 
       T249CA-N-H     60.858    111.614      8.822   13774.43   10180.91    7940.15 
   T249CA-F250N-H     60.863    121.879      9.594   13775.39   11117.22    8635.13 
       F250CA-N-H     56.676    121.858      9.593   12827.76   11115.28    8634.58 
   F250CA-K251N-H     56.677    129.681     10.587   12828.13   11828.81    9528.77 
       K251CA-N-H     57.216    129.686     10.587   12950.09   11829.30    9528.93 
   K251CA-G252N-H     57.220    103.546      9.047   12951.04    9444.93    8143.17 
       G252CA-N-H     44.949    103.530      9.047   10173.67    9443.53    8143.00 
   G252CA-Q253N-H     44.952    122.323      8.263   10174.35   11157.74    7437.42 
       Q253CA-N-H     52.225    122.312      8.263   11820.50   11156.65    7436.99 
   P254CA-S255N-H     63.123    117.911      8.010   14287.00   10755.25    7209.80 
       S255CA-N-H     62.064    117.884      8.010   14047.28   10752.76    7209.29 
   S255CA-K256N-H     62.067    123.332      7.685   14047.99   11249.74    6916.72 
       K256CA-N-H     52.940    123.328      7.685   11982.22   11249.34    6916.94 
   P257CA-F258N-H     62.119    118.426      9.365   14059.73   10802.22    8429.56 
       F258CA-N-H     58.316    118.375      9.365   13198.96   10797.55    8429.11 
   F258CA-V259N-H     58.319    121.890      8.786   13199.77   11118.18    7908.35 
       V259CA-N-H     61.745    121.889      8.786   13975.15   11118.07    7907.84 
   V259CA-G260N-H     61.745    115.947      8.876   13975.16   10576.14    7989.45 
#       G260CA-N-H     44.728    115.947      8.876   10123.49   10576.11    7989.39 
#   G260CA-V261N-H     44.731    129.079     11.054   10124.24   11773.94    9949.47 
       L262CA-N-H     56.460    134.266      8.839   12778.91   12247.11    7956.20 
   L262CA-S263N-H     56.462    126.570      8.802   12779.28   11545.04    7922.30 
       S263CA-N-H     58.632    126.550      8.801   13270.47   11543.24    7921.52 
   S263CA-A264N-H     58.634    123.685      9.168   13271.01   11281.97    8251.93 
       A264CA-N-H     49.711    123.675      9.168   11251.29   11280.99    8251.49 
   A264CA-G265N-H     49.712    110.742      9.450   11251.65   10101.32    8506.19 
       G265CA-N-H     42.807    110.723      9.450    9688.84   10099.63    8506.00 
   G265CA-I266N-H     42.806    123.692     10.320    9688.63   11282.54    9288.46 
       I266CA-N-H     59.679    123.676     10.320   13507.49   11281.14    9288.37 
   I266CA-N267N-H     59.680    125.659      8.215   13507.70   11462.03    7394.23 
       N267CA-N-H     53.349    125.654      8.215   12074.89   11461.54    7394.60 
   N267CA-A268N-H     53.347    130.993      8.865   12074.44   11948.48    7978.82 
       A268CA-N-H     55.145    130.964      8.865   12481.28   11945.92    7978.95 
   A268CA-A269N-H     55.144    118.163      8.203   12480.98   10778.23    7383.57 
       A269CA-N-H     51.217    118.153      8.203   11592.24   10777.29    7383.61 
   A269CA-S270N-H     51.218    113.673      7.565   11592.40   10368.65    6808.68 
       S270CA-N-H     56.041    113.651      7.564   12684.19   10366.68    6808.44 
   P271CA-N272N-H     63.465    119.534      8.813   14364.48   10903.27    7932.55 
       N272CA-N-H     52.529    119.512      8.812   11889.22   10901.28    7931.75 
   N272CA-K273N-H     52.531    119.253      7.851   11889.55   10877.66    7066.78 
       K273CA-N-H     61.531    119.226      7.851   13926.60   10875.21    7066.50 
   K273CA-E274N-H     61.527    118.308      8.844   13925.78   10791.49    7959.98 
       E274CA-N-H     59.799    118.303      8.843   13534.75   10791.05    7959.67 
   E274CA-L275N-H     59.797    120.704      7.475   13534.32   11010.01    6728.31 
       L275CA-N-H     57.215    120.711      7.476   12949.83   11010.67    6728.54 
   L275CA-A276N-H     57.216    120.342      8.341   12950.00   10976.97    7507.59 
       A276CA-N-H     55.258    120.328      8.340   12506.84   10975.69    7507.09 
   A276CA-K277N-H     55.259    118.286      7.844   12507.06   10789.47    7060.23 
       K277CA-N-H     60.071    118.274      7.844   13596.27   10788.38    7060.49 
   K277CA-E278N-H     60.070    118.786      7.636   13596.11   10835.04    6873.10 
       E278CA-N-H     59.508    118.783      7.636   13468.91   10834.79    6872.83 
   E278CA-F279N-H     59.508    118.421      8.429   13468.86   10801.74    7586.44 
       F279CA-N-H     61.495    118.409      8.428   13918.52   10800.64    7586.07 
   F279CA-L280N-H     61.494    119.992      8.376   13918.21   10945.05    7538.96 
       L280CA-N-H     58.131    119.970      8.376   13157.24   10943.07    7539.43 
   L280CA-E281N-H     58.131    112.911      8.437   13157.07   10299.17    7593.85 
       E281CA-N-H     59.367    112.877      8.437   13436.84   10296.11    7594.21 
   E281CA-N282N-H     59.366    108.923      7.767   13436.77    9935.44    6990.95 
       N282CA-N-H     52.946    108.913      7.765   11983.49    9934.46    6988.97 
   N282CA-Y283N-H     52.947    116.293      7.193   11983.76   10607.68    6474.61 
       Y283CA-N-H     59.641    116.270      7.193   13498.81   10605.55    6474.64 
   Y283CA-L284N-H     59.641    121.356      8.108   13499.01   11069.49    7298.21 
       L284CA-N-H     57.994    121.346      8.110   13126.10   11068.60    7299.24 
   L284CA-L285N-H     58.000    119.290      7.854   13127.46   10881.03    7069.23 
       L285CA-N-H     54.294    119.296      7.853   12288.63   10881.62    7067.99 
   L285CA-T286N-H     54.291    108.772      8.566   12287.92    9921.64    7709.69 
       T286CA-N-H     58.780    108.736      8.565   13303.96    9918.32    7709.61 
   T286CA-D287N-H     58.782    122.067      8.542   13304.38   11134.38    7688.72 
       D287CA-N-H     58.261    122.050      8.542   13186.51   11132.75    7688.64 
   D287CA-E288N-H     58.262    115.605      8.432   13186.88   10544.93    7589.63 
       E288CA-N-H     59.144    115.598      8.432   13386.39   10544.31    7589.33 
   E288CA-G289N-H     59.144    112.872      8.350   13386.30   10295.62    7515.61 
       G289CA-N-H     46.795    112.903      8.349   10591.45   10298.41    7515.20 
   G289CA-L290N-H     46.796    119.530      8.226   10591.58   10902.91    7403.90 
       L290CA-N-H     57.145    119.545      8.227   12933.92   10904.27    7404.63 
   L290CA-E291N-H     57.146    121.044      7.762   12934.27   11041.01    6986.19 
       E291CA-N-H     59.289    120.932      7.760   13419.24   11030.80    6984.26 
   E291CA-A292N-H     59.292    119.873      7.213   13419.96   10934.23    6492.72 
       A292CA-N-H     55.131    119.836      7.214   12478.05   10930.81    6493.14 
   A292CA-V293N-H     55.131    115.873      7.281   12478.05   10569.31    6553.72 
       V293CA-N-H     67.138    115.862      7.281   15195.74   10568.33    6553.80 
   V293CA-N294N-H     67.145    117.414      8.733   15197.23   10709.90    7860.14 
       N294CA-N-H     56.098    117.416      8.732   12697.05   10710.08    7859.28 
   N294CA-K295N-H     56.095    115.963      8.295   12696.24   10577.54    7466.27 
       K295CA-N-H     58.241    115.972      8.294   13182.11   10578.36    7465.33 
   K295CA-D296N-H     58.240    118.797      7.300   13181.81   10836.04    6570.45 
       D296CA-N-H     56.011    118.794      7.300   12677.37   10835.80    6570.43 
   D296CA-K297N-H     56.013    115.863      7.659   12677.78   10568.40    6894.00 
       K297CA-N-H     52.468    115.863      7.661   11875.38   10568.40    6895.61 
   P298CA-L299N-H     63.057    122.526      8.643   14271.97   11176.25    7779.24 
       L299CA-N-H     55.554    122.509      8.642   12573.76   11174.64    7778.86 
   L299CA-G300N-H     55.551    104.133      8.167   12573.25    9498.54    7350.86 
       G300CA-N-H     44.252    104.116      8.168   10015.82    9496.98    7351.70 
   G300CA-A301N-H     44.251    123.865      7.543   10015.61   11298.32    6789.49 
       A301CA-N-H     51.325    123.849      7.543   11616.67   11296.84    6789.23 
   A301CA-V302N-H     51.328    110.433      8.187   11617.38   10073.11    7369.22 
       V302CA-N-H     59.485    110.414      8.187   13463.52   10071.37    7368.71 
   V302CA-A303N-H     59.486    117.139      7.667   13463.76   10684.85    6900.51 
       A303CA-N-H     52.942    117.111      7.667   11982.75   10682.28    6900.74 
   A303CA-L304N-H     52.940    114.996      6.406   11982.20   10489.36    5766.28 
       L304CA-N-H     54.177    114.985      6.406   12262.10   10488.40    5766.20 
   L304CA-K305N-H     54.174    129.429      8.075   12261.56   11805.91    7268.28 
       K305CA-N-H     60.384    129.403      8.075   13667.01   11803.46    7267.88 
   K305CA-S306N-H     60.382    112.358      8.761   13666.57   10248.78    7886.01 
       S306CA-N-H     61.243    112.341      8.762   13861.51   10247.16    7886.38 
   S306CA-Y307N-H     61.242    122.282      6.661   13861.20   11153.93    5995.18 
       Y307CA-N-H     58.974    122.259      6.660   13347.89   11151.82    5994.64 
   Y307CA-E308N-H     58.973    121.374      8.529   13347.81   11071.17    7676.70 
       E308CA-N-H     57.835    121.365      8.527   13090.16   11070.35    7675.38 
   E308CA-E309N-H     57.838    115.540      7.763   13090.92   10539.02    6986.97 
       E309CA-N-H     59.092    115.535      7.762   13374.69   10538.57    6986.13 
   E309CA-E310N-H     59.095    117.512      6.909   13375.26   10718.86    6219.08 
       E310CA-N-H     57.725    117.498      6.907   13065.17   10717.59    6216.84 
   E310CA-L311N-H     57.726    120.996      8.261   13065.56   11036.61    7435.42 
       L311CA-N-H     57.015    121.003      8.259   12904.44   11037.27    7433.40 
   L311CA-A312N-H     57.017    117.992      8.595   12904.94   10762.60    7736.23 
       A312CA-N-H     53.866    117.993      8.594   12191.77   10762.71    7735.66 
   A312CA-K313N-H     53.866    117.399      7.129   12191.73   10708.53    6416.64 
       K313CA-N-H     58.732    117.406      7.130   13293.24   10709.21    6417.82 
   K313CA-D314N-H     58.732    121.220      8.326   13293.22   11057.12    7493.68 
       D314CA-N-H     50.484    121.224      8.326   11426.39   11057.43    7493.63 
   P315CA-R316N-H     64.318    116.879      8.476   14557.43   10661.09    7628.92 
       R316CA-N-H     58.305    116.849      8.474   13196.52   10658.41    7627.20 
   R316CA-I317N-H     58.302    122.974      7.561   13195.77   11217.05    6805.10 
       I317CA-N-H     64.409    122.992      7.559   14578.07   11218.72    6804.07 
   I317CA-A318N-H     64.424    122.552      7.891   14581.41   11178.58    7102.39 
       A318CA-N-H     55.689    122.567      7.887   12604.42   11179.96    7098.78 
   A318CA-A319N-H     55.693    118.715      8.163   12605.24   10828.57    7347.65 
       A319CA-N-H     55.068    118.719      8.164   12463.77   10828.97    7348.11 
   A319CA-T320N-H     55.068    114.758      7.371   12463.92   10467.66    6634.20 
       T320CA-N-H     67.938    114.767      7.371   15376.72   10468.48    6634.28 
   T320CA-M321N-H     67.932    119.335      8.185   15375.35   10885.18    7367.21 
       M321CA-N-H     56.930    119.317      8.186   12885.21   10883.53    7368.13 
   M321CA-E322N-H     56.935    121.453      8.264   12886.40   11078.37    7438.19 
       E322CA-N-H     59.753    121.450      8.265   13524.18   11078.06    7439.51 
   E322CA-N323N-H     59.759    115.243      8.317   13525.55   10511.85    7485.91 
       N323CA-N-H     56.776    115.227      8.316   12850.54   10510.47    7485.38 
   N323CA-A324N-H     56.774    119.722      8.118   12850.09   10920.43    7306.63 
       A324CA-N-H     54.280    119.708      8.121   12285.45   10919.20    7309.67 
   A324CA-Q325N-H     54.282    116.281      8.276   12285.95   10606.56    7449.23 
       Q325CA-N-H     58.214    116.262      8.278   13176.01   10604.82    7450.79 
   Q325CA-K326N-H     58.212    117.753      7.081   13175.48   10740.83    6373.27 
       K326CA-N-H     55.992    117.759      7.082   12673.07   10741.36    6373.96 
   K326CA-G327N-H     55.991    106.373      7.275   12672.85    9702.85    6548.41 
       G327CA-N-H     44.519    106.386      7.276   10076.19    9704.04    6548.57 
   G327CA-E328N-H     44.521    121.777      8.553   10076.61   11107.90    7698.74 
       E328CA-N-H     53.815    121.775      8.553   12180.27   11107.74    7698.60 
   E328CA-I329N-H     53.814    127.992      9.200   12180.10   11674.74    8280.47 
       I329CA-N-H     62.176    127.962      9.200   14072.69   11672.05    8280.56 
   I329CA-M330N-H     62.175    125.022      8.522   14072.49   11403.91    7670.72 
       M330CA-N-H     56.303    125.004      8.522   12743.41   11402.21    7670.23 
   P331CA-N332N-H     63.437    118.169      7.629   14358.18   10778.76    6866.97 
       N332CA-N-H     51.428    118.173      7.628   11639.99   10779.13    6865.57 
   N332CA-I333N-H     51.430    108.569      6.410   11640.43    9903.13    5769.15 
       I333CA-N-H     59.471    108.550      6.408   13460.54    9901.41    5767.65 
   P334CA-Q335N-H     65.278    116.503      8.383   14774.66   10626.82    7545.24 
       Q335CA-N-H     59.273    116.511      8.382   13415.69   10627.57    7544.76 
   Q335CA-M336N-H     59.276    118.409      7.868   13416.26   10800.69    7082.12 
       M336CA-N-H     55.902    118.409      7.867   12652.54   10800.68    7081.19 
   M336CA-S337N-H     55.901    113.657      7.978   12652.39   10367.20    7180.99 
       S337CA-N-H     62.079    113.650      7.978   14050.68   10366.57    7180.40 
   S337CA-A338N-H     62.080    122.935      7.381   14051.02   11213.51    6643.74 
       A338CA-N-H     54.496    122.936      7.381   12334.34   11213.62    6643.29 
   A338CA-F339N-H     54.497    118.907      7.552   12334.53   10846.08    6797.39 
       F339CA-N-H     61.637    118.906      7.551   13950.65   10845.98    6796.77 
   F339CA-W340N-H     61.641    118.059      8.802   13951.56   10768.75    7922.55 
       W340CA-N-H     59.856    118.055      8.803   13547.56   10768.38    7922.98 
   W340CA-Y341N-H     59.857    114.656      7.458   13547.83   10458.36    6712.52 
       Y341CA-N-H     61.278    114.657      7.457   13869.39   10458.46    6712.08 
   Y341CA-A342N-H     61.278    121.897      8.452   13869.32   11118.87    7607.17 
       A342CA-N-H     54.763    121.888      8.452   12394.85   11118.03    7607.28 
   A342CA-V343N-H     54.764    118.458      8.696   12394.96   10805.13    7826.78 
       V343CA-N-H     66.786    118.464      8.696   15115.97   10805.69    7826.96 
   V343CA-R344N-H     66.788    120.805      8.136   15116.48   11019.27    7323.21 
       R344CA-N-H     60.131    120.804      8.136   13609.73   11019.13    7322.95 
   R344CA-T345N-H     60.132    113.631      7.554   13610.10   10364.89    6799.29 
       T345CA-N-H     66.338    113.631      7.554   15014.62   10364.84    6799.30 
   T345CA-A346N-H     66.339    122.814      7.811   15014.88   11202.44    7030.23 
       A346CA-N-H     55.327    122.789      7.811   12522.53   11200.19    7030.41 
   A346CA-V347N-H     55.325    115.960      8.178   12522.00   10577.31    7360.93 
       V347CA-N-H     67.312    115.961      8.178   15235.14   10577.34    7360.89 
   V347CA-I348N-H     67.313    118.352      7.794   15235.33   10795.47    7014.90 
       I348CA-N-H     64.759    118.350      7.793   14657.37   10795.26    7014.47 
   I348CA-N349N-H     64.761    121.076      8.839   14657.82   11043.93    7955.81 
       N349CA-N-H     55.738    121.069      8.839   12615.46   11043.33    7955.38 
   N349CA-A350N-H     55.739    122.742      8.539   12615.84   11195.95    7685.55 
       A350CA-N-H     53.857    122.729      8.539   12189.76   11194.69    7685.56 
   A350CA-A351N-H     53.858    121.045      9.176   12190.02   11041.15    8259.49 
       A351CA-N-H     55.394    121.030      9.176   12537.75   11039.76    8259.43 
   A351CA-S352N-H     55.393    107.928      7.910   12537.42    9844.67    7119.77 
       S352CA-N-H     58.768    107.932      7.909   13301.34    9845.00    7118.92 
   S352CA-G353N-H     58.770    109.824      7.643   13301.71   10017.62    6879.18 
       G353CA-N-H     45.627    109.821      7.643   10327.06   10017.32    6879.03 
   G353CA-R354N-H     45.627    121.052      8.247   10326.97   11041.73    7423.17 
       R354CA-N-H     58.323    121.031      8.248   13200.61   11039.86    7423.40 
   R354CA-Q355N-H     58.319    113.631      7.357   13199.75   10364.81    6621.89 
       Q355CA-N-H     54.102    113.621      7.357   12245.23   10363.94    6621.67 
   Q355CA-T356N-H     54.103    111.766      8.588   12245.45   10194.74    7729.63 
       T356CA-N-H     61.258    111.750      8.588   13864.87   10193.27    7729.69 
   T356CA-V357N-H     61.259    121.347      8.747   13865.13   11068.65    7872.98 
       V357CA-N-H     67.699    121.324      8.747   15322.83   11066.56    7872.88 
   V357CA-D358N-H     67.700    115.121      8.137   15322.86   10500.77    7323.69 
       D358CA-N-H     57.503    115.123      8.137   13014.99   10500.91    7323.94 
   D358CA-E359N-H     57.505    118.635      7.623   13015.44   10821.25    6861.13 
       E359CA-N-H     58.667    118.627      7.623   13278.42   10820.53    6860.95 
   E359CA-A360N-H     58.666    121.505      8.720   13278.19   11083.08    7848.72 
       A360CA-N-H     54.690    121.493      8.720   12378.30   11081.97    7848.24 
   A360CA-L361N-H     54.690    116.232      8.101   12378.32   10602.07    7291.34 
       L361CA-N-H     57.318    116.225      8.102   12973.23   10601.47    7292.02 
   L361CA-K362N-H     57.317    121.505      7.717   12972.99   11083.05    6946.19 
       K362CA-N-H     59.615    121.487      7.716   13492.96   11081.45    6945.20 
   K362CA-D363N-H     59.612    120.049      8.168   13492.39   10950.24    7351.85 
       D363CA-N-H     57.083    120.051      8.168   12919.99   10950.47    7351.61 
   D363CA-A364N-H     57.080    121.264      7.762   12919.28   11061.14    6986.79 
       A364CA-N-H     55.135    121.276      7.762   12479.01   11062.20    6986.55 
   A364CA-Q365N-H     55.136    118.145      8.269   12479.17   10776.60    7442.68 
       Q365CA-N-H     60.207    118.138      8.269   13626.98   10775.97    7442.68 
   Q365CA-T366N-H     60.208    115.222      8.181   13627.15   10509.98    7363.39 
       T366CA-N-H     65.994    115.199      8.179   14936.79   10507.84    7362.05 
   T366CA-R367N-H     65.997    120.075      7.987   14937.52   10952.62    7189.28 
       R367CA-N-H     58.700    120.045      7.987   13285.91   10949.89    7188.79 
   R367CA-I368N-H     58.705    117.350      8.019   13287.03   10704.08    7217.92 
       I368CA-N-H     64.752    117.355      8.018   14655.69   10704.52    7217.00 
   I368CA-T369N-H     64.751    107.080      7.662   14655.40    9767.28    6896.55 
       T369CA-N-H     62.367    107.051      7.662   14115.97    9764.68    6896.38 
   T369CA-K370N-H     62.370    128.231      7.430   14116.59   11696.57    6687.71 
       K370CA-N-H     58.753    128.225      7.430   13298.01   11696.03    6687.27 
