0	0
28	10
34	71
10	5
8	38
44	55
14	146
8	126
23	10
9	0
67	10
11	19
67	54
60	121
6	12
60	38
42	31
10	137
22	76
30	11
7	11
31	94
33	78
2	80
0	9
13	21
19	11
13	132
53	78
66	34
24	7
66	37
33	34
30	10
51	14
65	68
8	1
19	98
4	24
56	37
28	103
1	48
23	142
41	6
4	129
30	73
20	27
56	28
52	43
31	17
38	72
33	48
9	1
24	122
26	87
54	25
0	12
72	51
41	34
19	33
24	136
1	6
41	2
1	1
2	5
10	109
11	97
0	47
27	36
51	96
10	13
2	56
43	41
3	21
0	79
7	5
15	33
15	17
36	126
3	54
19	83
41	20
32	137
0	63
26	145
25	11
43	101
43	53
43	84
24	91
63	25
33	66
26	2
62	69
29	1
44	0
13	118
67	35
19	124
43	124
17	89
34	86
13	38
12	28
20	73
74	124
71	18
48	0
29	72
2	27
32	100
11	21
3	72
11	29
31	80
1	3
23	132
36	102
47	36
42	47
17	29
74	39
39	121
50	10
19	3
5	0
16	62
45	7
28	95
3	107
48	94
33	2
66	75
23	19
15	2
18	20
60	83
18	21
40	3
11	119
22	17
36	42
36	37
21	141
9	18
25	30
29	14
6	16
1	14
25	113
43	136
63	46
15	6
1	10
19	72
38	48
72	31
2	118
34	28
2	61
21	80
5	34
17	24
3	5
71	6
31	123
28	6
44	5
4	4
57	137
54	97
2	133
29	48
30	49
3	128
0	20
36	71
22	131
40	67
59	105
29	86
71	111
60	12
1	9
29	23
13	41
50	65
69	70
7	84
55	38
30	61
72	125
13	47
5	86
26	108
5	124
49	82
63	9
2	17
31	131
3	46
53	18
13	104
9	17
18	49
9	56
26	4
1	26
63	87
9	34
51	144
9	8
34	113
52	1
17	5
22	120
25	17
67	61
23	52
64	119
35	38
11	70
1	0
23	44
54	29
23	59
14	118
41	12
35	43
67	3
13	147
56	19
32	22
0	125
17	64
64	22
0	3
33	32
50	116
57	1
8	11
52	58
39	11
30	116
74	105
55	52
46	4
52	59
46	148
46	18
46	128
56	4
1	137
7	120
1	112
66	78
12	103
44	40
64	31
12	74
46	12
74	126
50	149
16	15
55	136
48	24
36	92
52	41
47	81
64	96
37	53
64	44
30	34
6	6
12	85
29	109
59	54
59	8
41	9
36	66
55	2
41	121
3	6
14	25
26	33
55	61
8	12
23	12
36	140
41	143
31	65
68	9
12	25
9	66
67	73
4	139
35	8
34	126
35	133
24	22
5	2
27	139
61	7
24	32
25	34
5	26
63	142
56	34
70	71
68	94
31	51
45	23
66	98
6	33
21	10
15	108
14	55
66	100
54	53
0	89
1	149
45	33
72	114
65	21
57	11
6	82
37	30
16	13
73	49
38	82
26	24
7	96
13	52
22	34
36	88
15	18
27	77
36	23
0	7
44	51
64	89
57	30
53	64
64	117
40	65
4	16
13	79
66	43
16	1
4	95
53	138
19	18
30	37
43	19
37	35
26	75
10	51
68	20
52	7
0	1
28	26
44	50
17	58
12	2
9	101
21	130
46	11
74	60
8	103
23	28
20	8
64	0
51	75
9	142
29	43
15	52
38	117
9	5
51	8
44	32
6	1
35	10
28	7
9	95
6	56
58	80
14	38
1	73
42	122
57	15
64	13
67	49
19	10
27	9
15	3
8	110
23	33
57	10
5	102
65	59
11	36
35	3
18	14
9	45
66	41
32	117
37	18
35	81
17	44
27	45
6	95
65	28
4	19
33	7
9	77
2	70
21	13
10	0
16	57
15	27
52	149
28	51
22	39
32	50
42	59
4	47
59	6
31	3
41	72
15	36
0	4
39	67
63	122
63	93
14	62
55	55
46	30
72	17
17	7
12	10
72	103
30	20
15	11
47	83
34	61
6	51
48	140
74	72
25	23
34	20
9	127
27	50
31	21
51	37
6	127
22	25
5	62
64	138
25	15
20	16
58	92
42	104
7	72
6	39
9	26
29	140
73	118
5	9
71	128
6	62
2	43
24	44
6	74
62	32
50	26
16	9
32	33
30	0
1	2
17	18
53	15
45	77
7	1
65	124
62	106
5	22
10	85
1	45
38	41
50	6
33	41
65	79
3	118
7	63
17	20
61	29
38	16
53	27
11	39
61	26
15	12
23	72
64	33
57	5
3	40
0	113
1	123
45	132
20	0
25	54
42	35
46	74
25	44
62	36
45	58
58	82
27	13
65	12
69	19
2	21
58	24
58	133
51	11
12	19
57	147
43	49
52	101
22	87
74	16
21	84
25	42
38	90
71	1
28	17
47	25
20	7
19	47
7	19
1	56
0	24
30	5
60	47
54	21
73	13
58	74
1	102
28	25
6	7
7	20
2	24
2	13
36	114
38	65
3	87
9	91
55	76
17	1
24	37
49	89
26	3
53	13
50	28
14	19
31	9
33	4
9	51
1	4
52	16
17	10
19	17
63	58
63	8
21	5
19	65
55	8
49	88
29	24
17	78
21	35
23	61
1	84
16	14
49	31
9	21
7	28
29	8
51	56
5	36
46	1
26	36
49	137
18	145
3	10
71	81
62	1
20	136
54	48
33	116
5	5
15	0
4	31
35	47
31	60
18	56
20	127
9	115
18	0
66	42
2	7
21	55
48	13
23	117
34	1
51	93
15	95
35	24
16	44
56	100
31	108
65	55
23	4
7	30
39	36
18	68
23	39
13	5
10	40
74	63
69	24
68	11
16	16
58	135
57	85
25	5
34	9
62	65
19	132
6	17
49	99
17	128
40	85
3	18
54	57
38	140
19	90
42	48
3	146
38	130
18	12
45	39
37	54
28	134
53	144
53	81
34	12
20	44
55	36
2	48
36	4
62	3
61	143
27	12
52	49
8	10
21	109
17	114
40	145
12	9
35	17
19	23
17	34
0	5
25	142
25	87
10	9
49	5
14	133
42	82
34	13
71	91
15	48
14	24
0	14
35	55
41	13
21	11
15	53
7	52
25	10
2	39
16	110
25	132
18	123
33	50
58	14
33	84
43	66
20	55
33	31
65	5
54	3
65	6
54	23
14	47
1	30
49	44
11	6
64	53
35	27
65	107
39	24
55	33
2	33
44	10
14	7
44	61
13	92
28	59
16	40
17	70
14	99
3	15
61	141
0	41
10	75
43	43
35	0
62	110
28	16
0	2
66	145
44	8
3	3
11	131
15	123
44	126
55	73
6	8
55	31
40	14
20	121
19	6
37	128
3	4
39	8
19	9
30	30
23	98
6	0
74	11
43	21
69	52
9	3
29	35
59	112
61	66
49	9
71	22
43	70
69	64
40	127
41	1
24	57
68	29
31	95
36	111
22	66
68	89
24	58
55	113
19	26
17	52
66	123
31	29
22	21
63	56
64	45
0	51
50	20
10	147
0	145
9	4
1	37
11	11
5	51
7	15
25	67
39	10
71	58
7	135
69	67
42	57
7	37
52	125
25	104
0	102
53	12
68	97
29	15
15	60
57	35
57	84
51	3
48	46
42	94
8	22
16	4
12	62
36	25
19	15
72	50
70	111
16	137
22	107
41	147
28	114
5	114
3	32
21	36
72	15
8	52
1	17
41	22
11	3
58	39
14	91
10	122
24	101
11	86
16	77
8	71
25	18
67	14
36	15
67	118
10	20
74	30
2	30
24	62
6	112
19	19
73	86
72	33
38	34
58	50
20	31
27	104
9	6
7	48
8	81
16	121
58	44
41	7
51	118
33	135
9	7
24	14
2	99
34	104
72	116
61	60
33	104
33	91
28	147
55	70
16	6
68	7
56	86
48	7
19	22
17	102
4	116
66	139
35	106
67	101
50	2
46	29
32	47
72	57
65	77
16	22
14	75
63	19
39	26
6	107
64	88
18	46
50	17
46	16
6	4
19	109
65	51
3	29
4	101
52	72
5	6
69	108
11	42
20	144
3	99
53	51
64	115
44	42
8	41
56	40
44	15
44	37
1	66
18	2
26	79
25	46
58	91
19	24
72	2
21	1
4	72
30	19
39	45
65	4
34	70
0	10
48	130
73	69
65	30
56	90
30	135
10	91
33	6
20	106
4	54
10	59
0	28
18	39
7	42
21	2
51	109
41	15
57	102
13	11
60	20
62	137
61	18
24	6
66	48
53	68
63	16
54	0
62	63
59	57
20	43
66	40
70	47
28	88
8	31
15	137
12	111
2	87
26	1
34	19
42	68
13	25
72	12
27	121
4	13
4	7
53	71
69	32
2	106
26	53
50	19
0	71
23	53
5	3
23	20
1	5
37	2
50	4
57	67
52	89
65	85
26	121
47	2
2	1
8	19
9	14
64	15
44	64
65	60
22	0
8	64
48	69
56	94
22	68
72	65
2	2
12	45
33	67
29	100
24	27
12	50
31	145
4	1
32	18
7	43
12	35
6	43
4	63
30	85
40	44
63	17
47	3
18	8
27	68
16	97
1	22
9	40
48	45
4	82
55	63
4	26
60	95
65	76
26	60
38	0
38	79
35	115
6	10
24	50
28	83
20	100
12	8
32	16
11	23
28	27
62	27
3	62
43	54
2	0
51	60
11	111
56	45
46	14
71	62
50	62
42	62
42	52
2	147
12	21
50	115
65	2
17	42
19	0
14	2
27	89
3	0
32	60
20	64
7	110
66	132
38	57
61	127
10	16
11	34
15	30
3	14
58	42
74	104
16	3
3	23
67	131
12	144
12	16
29	122
9	20
26	64
50	101
24	114
13	3
8	143
47	28
1	89
33	46
29	12
25	76
10	15
42	136
69	0
49	139
25	8
15	39
11	25
2	9
54	32
48	22
8	75
11	4
64	23
7	2
14	4
11	1
4	34
18	99
74	102
0	35
20	87
57	130
44	17
5	141
20	51
48	141
70	147
7	143
33	5
5	71
15	70
43	38
16	87
34	11
72	84
52	66
66	26
3	37
34	39
19	63
68	99
