            Q4N-H    123.832      8.216    -10184881 
            Y5N-H    124.987      8.973    -10187040 
            K6N-H    122.733      8.959     -9811768 
            L7N-H    126.824      8.461     -2960758 
            I8N-H    126.687      8.936      -454974 
            L9N-H    125.958      8.542     -1159537 
           N10N-H    125.699      8.689     -3682792 
           G11N-H    110.416      7.805    -21816532 
           K12N-H    121.640      9.072    -26434828 
           T13N-H    109.521      8.664     -6718064 
           L14N-H    125.452      7.213     -2331096 
           K15N-H    124.323      7.989    -11504548 
           G16N-H    109.922      8.259    -25915282 
           E17N-H    119.266      8.252    -22422864 
           T18N-H    116.410      8.606     -5274489 
           T19N-H    112.338      7.918     -9439142 
           T20N-H    115.200      8.841     -5274132 
           E21N-H    126.557      7.810    -10141154 
           A22N-H    127.874      9.196    -24263362 
           V23N-H    116.261      8.352    -16907744 
           D24N-H    115.556      7.170     -6204257 
           A25N-H    121.745      8.148    -24220556 
           A26N-H    120.931      7.908    -24410984 
           T27N-H    116.917      8.126    -11760402 
           A28N-H    124.018      6.998    -11182128 
           E29N-H    117.144      8.190     -7621522 
           K30N-H    116.994      6.797     -6631281 
           V31N-H    121.134      7.148     -2564210 
           F32N-H    121.108      8.360     -7508200 
           K33N-H    123.301      8.949     -5988210 
           Q34N-H    120.138      7.285     -4251474 
           Y35N-H    121.455      8.112     -9232172 
           A36N-H    122.935      9.045    -11659135 
           N37N-H    118.055      8.082     -8015906 
           D38N-H    121.838      8.804     -3135702 
           N39N-H    115.743      7.248     -3770783 
           G40N-H    108.671      7.639     -9907286 
           V41N-H    121.219      7.992     -4229838 
           D42N-H    127.751      8.319     -5176209 
           G43N-H    107.971      7.786    -23811494 
           E44N-H    120.997      7.861    -11036900 
           W45N-H    128.409      9.187    -10022825 
           T46N-H    115.123      9.124    -10324766 
           Y47N-H    121.075      8.421    -25662092 
           D48N-H    128.897      7.469     -9588856 
           D49N-H    125.371      8.433     -8112339 
           A50N-H    120.271      8.197    -23551044 
           T51N-H    103.846      6.874     -7952031 
           K52N-H    123.770      7.718     -9046661 
           T53N-H    111.626      7.235     -9892439 
           F54N-H    131.257     10.254     -7324856 
           T55N-H    117.420      8.971    -12176126 
           V56N-H    123.639      8.075     -1807812 
           T57N-H    123.792      8.218    -10184881 
           E58N-H    129.161      8.005     -5705868 
           G59N-H    113.253      8.692    -13088856 
