            Q4N-H    124.138      8.221      9511280 
            Y5N-H    125.215      8.964      2134557 
            K6N-H    122.889      8.955     -4176020 
            L7N-H    127.030      8.463     -4525924 
            I8N-H    126.820      8.930     -6044518 
            L9N-H    126.236      8.549     -7650033 
           N10N-H    126.025      8.682     -9239932 
           G11N-H    110.575      7.803     -4993466 
           K12N-H    121.770      9.088      2583624 
           T13N-H    109.552      8.681      7391750 
           L14N-H    125.542      7.204      1930886 
           K15N-H    124.609      7.993     -2763342 
           G16N-H    110.206      8.265     -7641281 
           E17N-H    119.278      8.254      -397923 
           T18N-H    116.527      8.612     14626284 
           T19N-H    112.456      7.924      4365156 
           T20N-H    115.318      8.836     11006187 
           E21N-H    126.710      7.804     13494416 
           A22N-H    128.117      9.191       941664 
           V23N-H    116.360      8.347      4083794 
           D24N-H    115.826      7.183    -10945288 
           A25N-H    122.029      8.148    -13344097 
           A26N-H    121.141      7.909    -21436324 
           T27N-H    117.012      8.131      5619573 
           A28N-H    124.298      7.004     -8568769 
           E29N-H    117.300      8.194      7416206 
           K30N-H    117.230      6.797     10986358 
           V31N-H    121.278      7.162      9973524 
           F32N-H    121.291      8.369     -6336440 
           K33N-H    123.551      8.955      4747097 
           Q34N-H    120.257      7.285     16859660 
           Y35N-H    121.672      8.114     -7300172 
           A36N-H    123.199      9.050    -12652646 
           N37N-H    118.230      8.092    -20108316 
           D38N-H    122.083      8.803    -15092072 
           N39N-H    115.990      7.245    -13678100 
           G40N-H    108.796      7.650     -8668758 
           V41N-H    121.352      7.985      1813951 
           D42N-H    127.951      8.313      -678770 
           G43N-H    108.218      7.805     -6395242 
           E44N-H    121.189      7.861      5259677 
           W45N-H    128.813      9.191      7503462 
           T46N-H    115.299      9.121      8037108 
           Y47N-H    121.315      8.427     -4621822 
           D48N-H    129.056      7.470     -5037896 
           D49N-H    125.569      8.439     -5309870 
           A50N-H    120.479      8.195    -17273184 
           T51N-H    103.842      6.859      6363291 
           K52N-H    123.793      7.714     15023960 
           T53N-H    111.724      7.233      7622198 
           F54N-H    131.538     10.243     -1267506 
           T55N-H    117.617      8.967      4369070 
           V56N-H    123.878      8.063      7269314 
           T57N-H    123.946      8.198     11425612 
           E58N-H    129.465      7.998     10401982 
           G59N-H    113.524      8.708      -227511 
