            Q4N-H    124.196      8.222     -1677838 
            Y5N-H    125.152      8.962      4414618 
            K6N-H    122.920      8.954      4075088 
            L7N-H    127.028      8.463      4996778 
            I8N-H    126.816      8.930      3977085 
            L9N-H    126.215      8.549      5058084 
           N10N-H    126.038      8.682      4727363 
           G11N-H    110.579      7.804     -7251588 
           K12N-H    121.797      9.089     -6122512 
           T13N-H    109.568      8.681       520075 
           L14N-H    125.559      7.204     10114913 
           K15N-H    124.584      7.993      4280758 
           G16N-H    110.203      8.265    -12774090 
           E17N-H    119.305      8.255     -5077618 
           T18N-H    116.524      8.613      1504470 
           T19N-H    112.467      7.922     -2316874 
           T20N-H    115.337      8.836      -555926 
           E21N-H    126.716      7.804     -3183212 
           A22N-H    128.138      9.191    -11070893 
           V23N-H    116.363      8.347     -5487213 
           D24N-H    115.787      7.182     11707404 
           A25N-H    122.026      8.148     -5939682 
           A26N-H    121.153      7.909    -22074328 
           T27N-H    117.042      8.130      -893063 
           A28N-H    124.317      7.004    -11298944 
           E29N-H    117.287      8.193     -7597804 
           K30N-H    117.260      6.799     -2848096 
           V31N-H    121.278      7.162     -2302638 
           F32N-H    121.279      8.368      2325937 
           K33N-H    123.458      8.956     -1379381 
           Q34N-H    120.281      7.286     -7459916 
           Y35N-H    121.654      8.115      1631977 
           A36N-H    123.218      9.050    -10812110 
           N37N-H    118.238      8.092      -136749 
           D38N-H    122.060      8.802      6961976 
           N39N-H    115.971      7.245      5418003 
           G40N-H    108.801      7.650     -5824920 
           V41N-H    121.393      7.984     -2560160 
           D42N-H    127.951      8.313      4764846 
           G43N-H    108.225      7.804     -7353430 
           E44N-H    121.158      7.860     -6821253 
           W45N-H    128.914      9.197     -3038282 
           T46N-H    115.279      9.121     -2966114 
           Y47N-H    121.321      8.427      4599935 
           D48N-H    129.047      7.470      6316052 
           D49N-H    125.548      8.439      7330004 
           A50N-H    120.499      8.195    -11167332 
           T51N-H    103.816      6.857     -2178354 
           K52N-H    123.812      7.713     -4255463 
           T53N-H    111.697      7.233     -2597278 
           F54N-H    131.542     10.242      3224568 
           T55N-H    117.638      8.966      3124566 
           V56N-H    123.862      8.063     -1216502 
           T57N-H    123.852      8.202      -190780 
           E58N-H    129.490      7.998     -2333226 
           G59N-H    113.512      8.708     -2748922 
