            Q4N-H    123.905      8.220     90981552 
            Y5N-H    125.007      8.971     33308944 
            K6N-H    122.740      8.957     34919808 
            L7N-H    126.813      8.459     34231136 
            I8N-H    126.661      8.933     30611868 
            L9N-H    125.932      8.541     37680072 
           N10N-H    125.716      8.687     42023768 
           G11N-H    110.412      7.805     57088648 
           K12N-H    121.650      9.070    103487376 
           T13N-H    109.497      8.662     80173360 
           L14N-H    125.439      7.214     93262112 
           K15N-H    124.352      7.989     74570576 
           G16N-H    109.915      8.258     55959300 
           E17N-H    119.264      8.251     89220672 
           T18N-H    116.405      8.605     40402744 
           T19N-H    112.321      7.917     80618440 
           T20N-H    115.199      8.839     36851220 
           E21N-H    126.570      7.810    100639056 
           A22N-H    127.898      9.194     72574624 
           V23N-H    116.248      8.351    117390608 
           D24N-H    115.535      7.170     58817988 
           A25N-H    121.760      8.147    104235232 
           A26N-H    120.943      7.908     75353928 
           T27N-H    116.925      8.125     68104792 
           A28N-H    124.029      6.998     39859448 
           E29N-H    117.148      8.189     42811912 
           K30N-H    117.003      6.797     30019546 
           V31N-H    121.067      7.147     30232496 
           F32N-H    121.101      8.359     33906992 
           K33N-H    123.292      8.947     30551932 
           Q34N-H    120.137      7.285     34939840 
           Y35N-H    121.487      8.112     42867516 
           A36N-H    122.952      9.043     36059320 
           N37N-H    118.055      8.081     43157672 
           D38N-H    121.836      8.803     38187684 
           N39N-H    115.743      7.247     37076768 
           G40N-H    108.662      7.639     35362756 
           V41N-H    121.241      7.991     36841208 
           D42N-H    127.780      8.319     75572640 
           G43N-H    107.972      7.785     70736912 
           E44N-H    120.995      7.860     40737384 
           W45N-H    128.436      9.186     73883520 
           T46N-H    115.114      9.122     64140160 
           Y47N-H    121.089      8.420    116114304 
           D48N-H    128.912      7.469     54592056 
           D49N-H    125.362      8.432    100415888 
           A50N-H    120.285      8.196     91741136 
           T51N-H    103.826      6.874     54190368 
           K52N-H    123.800      7.717     56935096 
           T53N-H    111.611      7.234     63142680 
           F54N-H    131.285     10.251     31876496 
           T55N-H    117.416      8.970     60112612 
           V56N-H    123.658      8.073     38234536 
           T57N-H    123.695      8.208     96405920 
           E58N-H    129.164      8.004     59899736 
           G59N-H    113.258      8.691     71895088 
