            Q4N-H    124.140      8.221    -13866111 
            Y5N-H    125.185      8.962      -525855 
            K6N-H    123.025      8.951     -5302857 
            L7N-H    127.016      8.464     -1337148 
            I8N-H    126.849      8.930     -2195906 
            L9N-H    126.277      8.548     -2096305 
           N10N-H    126.050      8.682     -3859040 
           G11N-H    110.574      7.803     -6883633 
           K12N-H    121.798      9.089    -11137323 
           T13N-H    109.549      8.681     -9626648 
           L14N-H    125.531      7.204      2756568 
           K15N-H    124.590      7.993     -7600876 
           G16N-H    110.210      8.265    -13644616 
           E17N-H    119.292      8.255    -16061236 
           T18N-H    116.533      8.612    -20761148 
           T19N-H    112.442      7.923    -19345018 
           T20N-H    115.316      8.836    -17370884 
           E21N-H    126.703      7.804    -15059929 
           A22N-H    128.099      9.191    -10156160 
           V23N-H    116.354      8.347    -11710240 
           D24N-H    115.803      7.183      -733357 
           A25N-H    122.031      8.148      7418791 
           A26N-H    121.168      7.909      9364344 
           T27N-H    117.040      8.130     -8928072 
           A28N-H    124.389      7.004      4444881 
           E29N-H    117.277      8.194     -8323424 
           K30N-H    117.223      6.797    -15357486 
           V31N-H    121.265      7.162    -15123508 
           F32N-H    121.319      8.369    -10899396 
           K33N-H    123.555      8.956    -12079711 
           Q34N-H    120.251      7.285    -16218480 
           Y35N-H    121.636      8.115     -8760009 
           A36N-H    123.274      9.049      2713180 
           N37N-H    118.242      8.092     -4224048 
           D38N-H    122.110      8.803     -5126836 
           N39N-H    115.998      7.245     -3960189 
           G40N-H    108.794      7.650     -6208364 
           V41N-H    121.336      7.984    -12620948 
           D42N-H    127.998      8.311     -2249273 
           G43N-H    108.219      7.804     -6497979 
           E44N-H    121.148      7.860    -14080296 
           W45N-H    128.816      9.191     -9810038 
           T46N-H    115.291      9.120    -15120192 
           Y47N-H    121.330      8.427     -5007942 
           D48N-H    129.036      7.470      1504711 
           D49N-H    125.531      8.441      2014813 
           A50N-H    120.512      8.195      8367010 
           T51N-H    103.841      6.858     -8463034 
           K52N-H    123.788      7.713    -13744230 
           T53N-H    111.722      7.233    -13016701 
           F54N-H    131.538     10.243      -940794 
           T55N-H    117.609      8.967     -8490395 
           V56N-H    123.872      8.063    -12202688 
           T57N-H    123.950      8.199    -15434776 
           E58N-H    129.465      7.998    -14856969 
           G59N-H    113.512      8.708     -2849318 
