            Q4N-H    124.164      8.223     53331276 
            Y5N-H    125.197      8.962     32932346 
            K6N-H    122.989      8.953     33465720 
            L7N-H    127.043      8.464     34876496 
            I8N-H    126.819      8.929     31198444 
            L9N-H    126.222      8.550     38607268 
           N10N-H    126.039      8.683     41861776 
           G11N-H    110.559      7.805     41386664 
           K12N-H    121.796      9.089     49414156 
           T13N-H    109.533      8.681     36827448 
           L14N-H    125.573      7.206     49451072 
           K15N-H    124.597      7.994     51827944 
           G16N-H    110.181      8.266     54117320 
           E17N-H    119.277      8.256     50913504 
           T18N-H    116.521      8.613     52498168 
           T19N-H    112.429      7.924     49449860 
           T20N-H    115.312      8.836     43288088 
           E21N-H    126.709      7.805     44495036 
           A22N-H    128.145      9.191     43255064 
           V23N-H    116.351      8.348     56125552 
           D24N-H    115.795      7.184     47343448 
           A25N-H    122.030      8.149     54097956 
           A26N-H    121.149      7.910     66684112 
           T27N-H    117.015      8.131     53157572 
           A28N-H    124.311      7.007     46604888 
           E29N-H    117.270      8.194     44797784 
           K30N-H    117.220      6.800     42901912 
           V31N-H    121.275      7.165     44820312 
           F32N-H    121.308      8.370     45429040 
           K33N-H    123.555      8.957     48168200 
           Q34N-H    120.265      7.288     52178936 
           Y35N-H    121.627      8.116     46422888 
           A36N-H    123.208      9.050     49562424 
           N37N-H    118.231      8.093     56052024 
           D38N-H    122.082      8.803     50558844 
           N39N-H    115.973      7.247     36643860 
           G40N-H    108.776      7.652     35748424 
           V41N-H    121.321      7.986     38077856 
           D42N-H    127.955      8.314     41030880 
           G43N-H    108.205      7.806     50267636 
           E44N-H    121.147      7.862     45145544 
           W45N-H    128.823      9.191     34518172 
           T46N-H    115.290      9.120     37993476 
           Y47N-H    121.325      8.428     45767872 
           D48N-H    129.064      7.472     32128564 
           D49N-H    125.556      8.440     49495560 
           A50N-H    120.487      8.196     66078672 
           T51N-H    103.810      6.861     34676572 
           K52N-H    123.794      7.716     45347288 
           T53N-H    111.716      7.236     36884376 
           F54N-H    131.540     10.241     28429944 
           T55N-H    117.617      8.967     36161552 
           V56N-H    123.876      8.064     36619212 
           T57N-H    123.945      8.202     44389740 
           E58N-H    129.474      7.999     43899408 
           G59N-H    113.492      8.708     23484292 
