0	0
11	9
24	22
15	19
15	5
11	2
2	33
3	16
26	10
6	39
1	3
2	0
15	37
8	11
10	16
31	49
11	25
9	4
6	3
5	6
25	60
20	7
18	56
18	61
24	3
16	57
12	49
3	22
16	8
13	31
5	0
15	51
19	17
1	19
11	13
2	18
14	23
29	27
15	35
6	1
14	4
13	27
13	10
8	22
9	26
29	33
18	16
1	12
12	30
22	13
7	4
8	8
19	50
14	36
15	1
28	31
23	8
14	7
6	13
13	2
31	5
8	32
6	58
7	11
31	26
13	34
5	4
4	41
27	16
14	54
19	6
22	4
15	15
7	15
18	3
3	39
18	12
8	12
6	37
14	42
5	23
22	32
29	18
9	11
21	2
20	25
25	55
1	4
7	42
0	8
24	12
26	62
2	56
26	36
1	40
10	6
18	35
26	14
3	2
4	14
0	2
4	1
2	1
26	41
13	17
15	14
21	9
8	2
0	12
5	9
21	1
13	62
5	2
14	6
3	27
8	24
25	24
31	29
12	18
19	0
13	0
14	33
1	50
8	6
31	59
22	30
20	24
2	27
0	3
1	1
18	18
13	48
14	63
0	4
27	2
24	11
1	0
0	6
22	42
1	31
13	23
12	17
2	20
29	54
20	31
12	12
9	1
11	61
3	0
6	4
0	1
24	40
10	5
2	45
2	25
30	28
2	15
0	34
15	21
31	19
26	0
28	51
2	3
21	53
23	19
12	3
10	0
9	3
0	46
18	11
27	23
27	9
29	6
9	27
0	17
17	18
3	52
27	1
6	19
21	20
20	59
10	62
21	37
3	7
5	39
6	17
3	5
6	27
6	9
2	2
12	44
4	3
0	57
26	15
7	3
15	2
28	4
31	21
12	8
9	49
18	52
1	60
24	7
4	34
