0
9
22
19
5
2
33
16
10
39
3
0
37
11
16
49
25
4
3
6
60
7
56
61
3
57
49
22
8
31
0
51
17
19
13
18
23
27
35
1
4
27
10
22
26
33
16
12
30
13
4
8
50
36
1
31
8
7
13
2
5
32
58
11
26
34
4
41
16
54
6
4
15
15
3
39
12
12
37
42
23
32
18
11
2
25
55
4
42
8
12
62
56
36
40
6
35
14
2
14
2
1
1
41
17
14
9
2
12
9
1
62
2
6
27
24
24
29
18
0
0
33
50
6
59
30
24
27
3
1
18
48
63
4
2
11
0
6
42
31
23
17
20
54
31
12
1
61
0
4
1
40
5
45
25
28
15
34
21
19
0
51
3
53
19
3
0
3
46
11
23
9
6
27
17
18
52
1
19
20
59
62
37
7
39
17
5
27
9
2
44
3
57
15
3
2
4
21
8
49
52
60
7
34
