0
11
24
15
15
11
2
3
26
6
1
2
15
8
10
31
11
9
6
5
25
20
18
18
24
16
12
3
16
13
5
15
19
1
11
2
14
29
15
6
14
13
13
8
9
29
18
1
12
22
7
8
19
14
15
28
23
14
6
13
31
8
6
7
31
13
5
4
27
14
19
22
15
7
18
3
18
8
6
14
5
22
29
9
21
20
25
1
7
0
24
26
2
26
1
10
18
26
3
4
0
4
2
26
13
15
21
8
0
5
21
13
5
14
3
8
25
31
12
19
13
14
1
8
31
22
20
2
0
1
18
13
14
0
27
24
1
0
22
1
13
12
2
29
20
12
9
11
3
6
0
24
10
2
2
30
2
0
15
31
26
28
2
21
23
12
10
9
0
18
27
27
29
9
0
17
3
27
6
21
20
10
21
3
5
6
3
6
6
2
12
4
0
26
7
15
28
31
12
9
18
1
24
4
