            Q4N-H    123.886      8.219     21165958 
            Y5N-H    124.986      8.973     12464768 
            K6N-H    122.734      8.959      5931546 
            L7N-H    126.802      8.460     -2697328 
            I8N-H    126.640      8.935     -2131058 
            L9N-H    125.959      8.543     -1740479 
           N10N-H    125.698      8.688     -8086554 
           G11N-H    110.427      7.805    -10268746 
           K12N-H    121.647      9.072     13653201 
           T13N-H    109.503      8.663     14137998 
           L14N-H    125.443      7.215      4786596 
           K15N-H    124.269      7.989      1161344 
           G16N-H    109.932      8.259     -4181052 
           E17N-H    119.240      8.252      3475761 
           T18N-H    116.401      8.606     13388806 
           T19N-H    112.325      7.917     26345860 
           T20N-H    115.195      8.840     11187468 
           E21N-H    126.553      7.810     20189812 
           A22N-H    127.821      9.195    -16771178 
           V23N-H    116.326      8.353     -4340086 
           D24N-H    115.540      7.170    -11509384 
           A25N-H    121.764      8.148     -6786267 
           A26N-H    120.906      7.908      3109513 
           T27N-H    116.935      8.125     -3021930 
           A28N-H    124.066      6.998      1067168 
           E29N-H    117.140      8.189     11081794 
           K30N-H    117.004      6.797     14740862 
           V31N-H    121.086      7.147      4137709 
           F32N-H    121.111      8.360      5047403 
           K33N-H    123.284      8.949      8863924 
           Q34N-H    120.127      7.285     12677815 
           Y35N-H    121.500      8.113      8838839 
           A36N-H    122.944      9.044      6810100 
           N37N-H    118.039      8.081      4495770 
           D38N-H    121.776      8.802      2141180 
           N39N-H    115.721      7.246     -4188815 
           G40N-H    108.670      7.639     -8564356 
           V41N-H    121.226      7.990      4783371 
           D42N-H    127.719      8.319     -1738861 
           G43N-H    107.980      7.785    -13584985 
           E44N-H    120.980      7.861      3965957 
           W45N-H    128.408      9.188     26997482 
           T46N-H    115.125      9.124     25805264 
           Y47N-H    121.083      8.421     28594778 
           D48N-H    128.911      7.469     -2542926 
           D49N-H    125.366      8.433     -4024339 
           A50N-H    120.280      8.197      8112892 
           T51N-H    103.841      6.873     15347504 
           K52N-H    123.786      7.718     15391726 
           T53N-H    111.623      7.234     16073465 
           F54N-H    131.273     10.254      7315181 
           T55N-H    117.409      8.971     18893502 
           V56N-H    123.642      8.074     13295476 
           T57N-H    123.649      8.208     28002900 
           E58N-H    129.148      8.005     17982264 
           G59N-H    113.313      8.694      2361248 
