            Q4N-H    123.886      8.220    -29551076 
            Y5N-H    124.988      8.972    -13605864 
            K6N-H    122.734      8.959    -13010140 
            L7N-H    126.813      8.460     -7003038 
            I8N-H    126.647      8.934     -3944812 
            L9N-H    125.919      8.543     -4458368 
           N10N-H    125.707      8.688     -7479022 
           G11N-H    110.420      7.805    -19434060 
           K12N-H    121.641      9.072    -25768158 
           T13N-H    109.521      8.664    -10153120 
           L14N-H    125.436      7.214     -7994055 
           K15N-H    124.330      7.989    -20067324 
           G16N-H    109.925      8.259    -25283612 
           E17N-H    119.262      8.251    -32440712 
           T18N-H    116.410      8.606    -11095397 
           T19N-H    112.325      7.917    -22180508 
           T20N-H    115.191      8.841     -9566886 
           E21N-H    126.553      7.810    -26416094 
           A22N-H    127.887      9.195    -31301734 
           V23N-H    116.255      8.352    -28442898 
           D24N-H    115.541      7.170    -12708810 
           A25N-H    121.749      8.147    -32657892 
           A26N-H    120.929      7.908    -29558620 
           T27N-H    116.918      8.126    -10821838 
           A28N-H    124.008      6.997    -12654472 
           E29N-H    117.147      8.190    -13540077 
           K30N-H    117.013      6.797    -10238831 
           V31N-H    121.068      7.146     -4522368 
           F32N-H    121.112      8.360     -8884583 
           K33N-H    123.301      8.949     -8113858 
           Q34N-H    120.131      7.285    -10090594 
           Y35N-H    121.479      8.112    -10507030 
           A36N-H    122.931      9.044    -12607091 
           N37N-H    118.043      8.082    -11982983 
           D38N-H    121.818      8.804     -6788660 
           N39N-H    115.738      7.247     -7270424 
           G40N-H    108.665      7.639    -10142508 
           V41N-H    121.235      7.991     -7346435 
           D42N-H    127.769      8.320    -11689089 
           G43N-H    107.973      7.785    -20547328 
           E44N-H    120.984      7.860    -15098282 
           W45N-H    128.431      9.187    -21843256 
           T46N-H    115.120      9.124    -20566696 
           Y47N-H    121.081      8.421    -34320244 
           D48N-H    128.898      7.469    -12519006 
           D49N-H    125.362      8.433    -13804198 
           A50N-H    120.271      8.197    -30536924 
           T51N-H    103.851      6.873    -12218842 
           K52N-H    123.780      7.718    -15712304 
           T53N-H    111.623      7.234    -16372806 
           F54N-H    131.251     10.254     -7215830 
           T55N-H    117.413      8.971    -17007658 
           V56N-H    123.645      8.074     -9242586 
           T57N-H    123.619      8.209    -21077994 
           E58N-H    129.139      8.005    -14724384 
           G59N-H    113.265      8.692    -15032097 
