            Q4N-H    124.140      8.222     13052119 
            Y5N-H    125.181      8.962     10723437 
            K6N-H    122.955      8.953      9972994 
            L7N-H    127.035      8.463      9208315 
            I8N-H    126.818      8.929      7836803 
            L9N-H    126.222      8.549     10580918 
           N10N-H    126.034      8.682     10574452 
           G11N-H    110.573      7.804     -8106440 
           K12N-H    121.679      9.072       152328 
           T13N-H    109.551      8.681      8169618 
           L14N-H    125.568      7.203     18166708 
           K15N-H    124.597      7.993     17175804 
           G16N-H    110.201      8.265    -12804842 
           E17N-H    119.274      8.254      5629575 
           T18N-H    116.526      8.612     17484784 
           T19N-H    112.438      7.923     19413234 
           T20N-H    115.318      8.836     14849262 
           E21N-H    126.703      7.804     13841310 
           A22N-H    128.124      9.191     16409430 
           V23N-H    116.352      8.347     14126030 
           D24N-H    115.803      7.182     24579792 
           A25N-H    122.033      8.148     16939548 
           A26N-H    121.148      7.909     18882864 
           T27N-H    117.019      8.130     13082988 
           A28N-H    124.296      7.004     15385091 
           E29N-H    117.285      8.193     14254858 
           K30N-H    117.220      6.797     15119679 
           V31N-H    121.266      7.162     14433816 
           F32N-H    121.309      8.369     12743673 
           K33N-H    123.558      8.956     11521059 
           Q34N-H    120.265      7.285     17903758 
           Y35N-H    121.629      8.114     14755700 
           A36N-H    123.201      9.050     12757058 
           N37N-H    118.233      8.092     18338686 
           D38N-H    122.082      8.803     16124506 
           N39N-H    115.994      7.245     14196745 
           G40N-H    108.782      7.650     -4862126 
           V41N-H    121.337      7.984      7401122 
           D42N-H    127.947      8.313     10977742 
           G43N-H    108.221      7.805     -8641356 
           E44N-H    121.136      7.861      3496367 
           W45N-H    128.842      9.191      9072562 
           T46N-H    115.293      9.120     13415918 
           Y47N-H    121.329      8.427     14322939 
           D48N-H    129.052      7.470     10795702 
           D49N-H    125.559      8.439     12138952 
           A50N-H    120.485      8.195     19700004 
           T51N-H    103.833      6.858     11525151 
           K52N-H    123.751      7.718      8804913 
           T53N-H    111.719      7.232     12679216 
           F54N-H    131.528     10.243      7632561 
           T55N-H    117.616      8.966     11895120 
           V56N-H    123.872      8.063     11367446 
           T57N-H    123.952      8.199     13441230 
           E58N-H    129.455      7.998     13321490 
           G59N-H    113.281      8.692      -855136 
