            Q4N-H    123.890      8.220    -33650604 
            Y5N-H    124.993      8.973     -9660880 
            K6N-H    122.683      8.959    -11354279 
            L7N-H    126.807      8.460     -9102167 
            I8N-H    126.660      8.934     -6081854 
            L9N-H    125.930      8.543     -6369556 
           N10N-H    125.707      8.688    -10613236 
           G11N-H    110.423      7.805    -19632278 
           K12N-H    121.637      9.072    -15446882 
           T13N-H    109.494      8.663     -5482596 
           L14N-H    125.417      7.214    -11178733 
           K15N-H    124.334      7.989    -25645076 
           G16N-H    109.923      8.259    -19752040 
           E17N-H    119.260      8.251    -34386480 
           T18N-H    116.413      8.606    -10765332 
           T19N-H    112.321      7.917    -14935991 
           T20N-H    115.185      8.840     -5164968 
           E21N-H    126.547      7.810    -29227446 
           A22N-H    127.884      9.195    -28962504 
           V23N-H    116.252      8.352    -22326962 
           D24N-H    115.542      7.170    -17455264 
           A25N-H    121.750      8.147    -30916958 
           A26N-H    120.937      7.908    -21666624 
           T27N-H    116.782      8.130      -752184 
           A28N-H    124.035      6.997     -7402628 
           E29N-H    117.156      8.189     -8806762 
           K30N-H    116.997      6.797     -6040826 
           V31N-H    121.137      7.147     -1867057 
           F32N-H    121.114      8.360     -6649155 
           K33N-H    122.791      8.961    -11010827 
           Q34N-H    120.135      7.285     -5588760 
           Y35N-H    121.399      8.114     -2391241 
           A36N-H    122.930      9.044     -5495258 
           N37N-H    118.042      8.082     -9351912 
           D38N-H    121.807      8.804     -6447244 
           N39N-H    115.733      7.247    -10977268 
           G40N-H    108.670      7.639    -11037600 
           V41N-H    121.233      7.991     -7529116 
           D42N-H    127.756      8.320    -13673361 
           G43N-H    107.974      7.785    -20101160 
           E44N-H    120.989      7.860    -15995576 
           W45N-H    128.444      9.187    -16862960 
           T46N-H    115.108      9.124    -13302258 
           Y47N-H    121.083      8.421    -20769240 
           D48N-H    128.892      7.469    -12353542 
           D49N-H    125.358      8.433    -15764479 
           A50N-H    120.268      8.197    -22765196 
           T51N-H    103.847      6.873     -9378148 
           K52N-H    123.784      7.718    -12428683 
           T53N-H    111.616      7.234    -10391562 
           F54N-H    131.262     10.253     -3914724 
           T55N-H    117.424      8.971     -9247752 
           V56N-H    123.649      8.074    -10128018 
           T57N-H    123.613      8.209    -22128940 
           E58N-H    129.139      8.004    -15784694 
           G59N-H    113.256      8.692    -11445016 
